  2.800000e+02  -7.085543e+01 
  2.825252e+02  -7.091633e+01 
  2.850505e+02  -7.093946e+01 
  2.875757e+02  -7.095348e+01 
  2.901010e+02  -7.100330e+01 
  2.926263e+02  -7.106911e+01 
  2.951515e+02  -7.111188e+01 
  2.976768e+02  -7.116444e+01 
  3.002020e+02  -7.127579e+01 
  3.027273e+02  -7.139579e+01 
  3.052525e+02  -7.160693e+01 
  3.077778e+02  -7.216041e+01 
  3.103030e+02  -7.536573e+01 
  3.128283e+02  -6.859429e+01 
  3.153535e+02  -7.028188e+01 
  3.178788e+02  -7.111845e+01 
  3.204041e+02  -7.189519e+01 
  3.229293e+02  -6.991607e+01 
  3.254546e+02  -7.083654e+01 
  3.279798e+02  -7.101134e+01 
  3.305050e+02  -7.136048e+01 
  3.330303e+02  -7.227575e+01 
  3.355555e+02  -6.930786e+01 
  3.380808e+02  -6.797712e+01 
  3.406060e+02  -7.014645e+01 
  3.431313e+02  -7.014327e+01 
  3.456566e+02  -7.039229e+01 
  3.481818e+02  -7.055272e+01 
  3.507071e+02  -7.040515e+01 
  3.532323e+02  -7.059675e+01 
  3.557576e+02  -7.034142e+01 
  3.582828e+02  -7.082370e+01 
  3.608081e+02  -7.084875e+01 
  3.633333e+02  -7.081918e+01 
  3.658586e+02  -7.081426e+01 
  3.683839e+02  -7.089783e+01 
  3.709091e+02  -7.094135e+01 
  3.734344e+02  -7.099037e+01 
  3.759596e+02  -7.162245e+01 
  3.784849e+02  -7.080183e+01 
  3.810101e+02  -7.080676e+01 
  3.835353e+02  -7.087787e+01 
  3.860606e+02  -7.087215e+01 
  3.885858e+02  -7.082786e+01 
  3.911111e+02  -7.072649e+01 
  3.936364e+02  -7.027043e+01 
  3.961616e+02  -7.123094e+01 
  3.986869e+02  -7.098242e+01 
  4.012121e+02  -7.080222e+01 
  4.037374e+02  -7.040704e+01 
  4.062626e+02  -6.672101e+01 
  4.087879e+02  -7.219439e+01 
  4.113131e+02  -7.203165e+01 
  4.138384e+02  -7.165365e+01 
  4.163636e+02  -7.151368e+01 
  4.188889e+02  -7.145801e+01 
  4.214142e+02  -7.148594e+01 
  4.239394e+02  -7.146975e+01 
  4.264647e+02  -7.147190e+01 
  4.289899e+02  -7.146619e+01 
  4.315151e+02  -7.147345e+01 
  4.340404e+02  -7.148168e+01 
  4.365656e+02  -7.148800e+01 
  4.390909e+02  -7.148837e+01 
  4.416161e+02  -7.149911e+01 
  4.441414e+02  -7.150806e+01 
  4.466667e+02  -7.151573e+01 
  4.491919e+02  -7.151720e+01 
  4.517172e+02  -7.152140e+01 
  4.542424e+02  -7.153029e+01 
  4.567677e+02  -7.153516e+01 
  4.592929e+02  -7.155626e+01 
  4.618182e+02  -7.156110e+01 
  4.643434e+02  -7.157979e+01 
  4.668687e+02  -7.157957e+01 
  4.693940e+02  -7.159541e+01 
  4.719192e+02  -7.160394e+01 
  4.744445e+02  -7.161714e+01 
  4.769697e+02  -7.163053e+01 
  4.794950e+02  -7.161727e+01 
  4.820202e+02  -7.165666e+01 
  4.845454e+02  -7.164451e+01 
  4.870707e+02  -7.165982e+01 
  4.895959e+02  -7.165795e+01 
  4.921212e+02  -7.167879e+01 
  4.946465e+02  -7.169305e+01 
  4.971717e+02  -7.170100e+01 
  4.996970e+02  -7.168851e+01 
  5.022222e+02  -7.171616e+01 
  5.047475e+02  -7.172913e+01 
  5.072727e+02  -7.173240e+01 
  5.097980e+02  -7.169886e+01 
  5.123232e+02  -7.175044e+01 
  5.148485e+02  -7.177271e+01 
  5.173737e+02  -7.177351e+01 
  5.198990e+02  -7.177383e+01 
  5.224243e+02  -7.178622e+01 
  5.249495e+02  -7.180081e+01 
  5.274747e+02  -7.180428e+01 
  5.300000e+02  -7.181387e+01 
