  6.000000e+02  -7.189816e+01 
  6.015151e+02  -7.188420e+01 
  6.030303e+02  -7.186655e+01 
  6.045455e+02  -7.186147e+01 
  6.060606e+02  -7.183540e+01 
  6.075757e+02  -7.180988e+01 
  6.090909e+02  -7.179118e+01 
  6.106061e+02  -7.176637e+01 
  6.121212e+02  -7.171605e+01 
  6.136364e+02  -7.166908e+01 
  6.151515e+02  -7.160482e+01 
  6.166667e+02  -7.149181e+01 
  6.181818e+02  -7.134064e+01 
  6.196970e+02  -7.108646e+01 
  6.212121e+02  -7.049957e+01 
  6.227273e+02  -6.746410e+01 
  6.242424e+02  -7.417879e+01 
  6.257576e+02  -7.267416e+01 
  6.272727e+02  -7.200307e+01 
  6.287879e+02  -7.123215e+01 
  6.303030e+02  -6.945266e+01 
  6.318182e+02  -7.083842e+01 
  6.333333e+02  -7.530518e+01 
  6.348485e+02  -7.330953e+01 
  6.363636e+02  -7.322705e+01 
  6.378788e+02  -7.307489e+01 
  6.393939e+02  -7.293356e+01 
  6.409091e+02  -7.284434e+01 
  6.424243e+02  -7.278394e+01 
  6.439394e+02  -7.286397e+01 
  6.454545e+02  -7.258618e+01 
  6.469697e+02  -7.254933e+01 
  6.484849e+02  -7.253051e+01 
  6.500000e+02  -7.246738e+01 
  6.515151e+02  -7.242751e+01 
  6.530303e+02  -7.236010e+01 
  6.545455e+02  -7.226167e+01 
  6.560606e+02  -7.210484e+01 
  6.575757e+02  -7.184910e+01 
  6.590909e+02  -7.136986e+01 
  6.606061e+02  -6.897201e+01 
  6.621212e+02  -7.433173e+01 
  6.636364e+02  -7.442854e+01 
  6.651515e+02  -7.371961e+01 
  6.666667e+02  -7.365334e+01 
  6.681818e+02  -7.347430e+01 
  6.696970e+02  -7.340150e+01 
  6.712121e+02  -7.336729e+01 
  6.727273e+02  -7.336764e+01 
  6.742424e+02  -7.345907e+01 
  6.757576e+02  -7.364295e+01 
  6.772727e+02  -7.407762e+01 
  6.787879e+02  -7.606508e+01 
  6.803030e+02  -7.083551e+01 
  6.818182e+02  -7.095564e+01 
  6.833333e+02  -7.185867e+01 
  6.848485e+02  -7.220072e+01 
  6.863636e+02  -7.233225e+01 
  6.878788e+02  -7.239874e+01 
  6.893939e+02  -7.244261e+01 
  6.909091e+02  -7.245692e+01 
  6.924243e+02  -7.242555e+01 
  6.939394e+02  -7.231377e+01 
  6.954545e+02  -7.164710e+01 
  6.969697e+02  -7.292032e+01 
  6.984849e+02  -7.392681e+01 
  7.000000e+02  -7.365280e+01 
  7.015151e+02  -7.371464e+01 
  7.030303e+02  -7.408487e+01 
  7.045455e+02  -7.517823e+01 
  7.060606e+02  -8.466467e+01 
  7.075757e+02  -6.812430e+01 
  7.090909e+02  -7.090031e+01 
  7.106061e+02  -7.137701e+01 
  7.121212e+02  -7.169561e+01 
  7.136364e+02  -7.188414e+01 
  7.151515e+02  -7.200243e+01 
  7.166667e+02  -7.209131e+01 
  7.181818e+02  -7.217334e+01 
  7.196970e+02  -7.220875e+01 
  7.212121e+02  -7.225434e+01 
  7.227273e+02  -7.227768e+01 
  7.242424e+02  -7.233087e+01 
  7.257576e+02  -7.233335e+01 
  7.272727e+02  -7.237140e+01 
  7.287879e+02  -7.237762e+01 
  7.303030e+02  -7.239952e+01 
  7.318182e+02  -7.241824e+01 
  7.333333e+02  -7.243547e+01 
  7.348485e+02  -7.245457e+01 
  7.363636e+02  -7.244571e+01 
  7.378788e+02  -7.246929e+01 
  7.393939e+02  -7.247890e+01 
  7.409091e+02  -7.249197e+01 
  7.424243e+02  -7.249287e+01 
  7.439394e+02  -7.250015e+01 
  7.454545e+02  -7.252616e+01 
  7.469697e+02  -7.251065e+01 
  7.484849e+02  -7.252569e+01 
  7.500000e+02  -7.253292e+01 
