  6.000000e+01  -7.246783e+01 
  6.181818e+01  -7.120901e+01 
  6.363636e+01  -7.085939e+01 
  6.545454e+01  -7.066200e+01 
  6.727273e+01  -7.074101e+01 
  6.909091e+01  -7.048518e+01 
  7.090909e+01  -7.037029e+01 
  7.272727e+01  -7.022808e+01 
  7.454546e+01  -7.007043e+01 
  7.636364e+01  -6.989505e+01 
  7.818182e+01  -6.972690e+01 
  8.000000e+01  -6.959888e+01 
  8.181818e+01  -6.935007e+01 
  8.363636e+01  -6.910137e+01 
  8.545454e+01  -6.870095e+01 
  8.727273e+01  -6.786202e+01 
  8.909091e+01  -6.422515e+01 
  9.090909e+01  -7.450175e+01 
  9.272727e+01  -7.178489e+01 
  9.454546e+01  -7.087256e+01 
  9.636364e+01  -7.053478e+01 
  9.818182e+01  -7.003972e+01 
  1.000000e+02  -6.977592e+01 
  1.018182e+02  -6.991369e+01 
  1.036364e+02  -6.979173e+01 
  1.054545e+02  -6.961192e+01 
  1.072727e+02  -6.955640e+01 
  1.090909e+02  -6.948868e+01 
  1.109091e+02  -6.945440e+01 
  1.127273e+02  -6.947891e+01 
  1.145455e+02  -6.950976e+01 
  1.163636e+02  -6.978076e+01 
  1.181818e+02  -6.989951e+01 
  1.200000e+02  -6.816186e+01 
  1.218182e+02  -6.857610e+01 
  1.236364e+02  -6.876180e+01 
  1.254545e+02  -6.878590e+01 
  1.272727e+02  -6.878602e+01 
  1.290909e+02  -6.875412e+01 
  1.309091e+02  -6.873225e+01 
  1.327273e+02  -6.873148e+01 
  1.345455e+02  -6.868567e+01 
  1.363636e+02  -6.862896e+01 
  1.381818e+02  -6.858421e+01 
  1.400000e+02  -6.843001e+01 
  1.418182e+02  -6.730289e+01 
  1.436364e+02  -6.896432e+01 
  1.454545e+02  -6.908816e+01 
  1.472727e+02  -6.902943e+01 
  1.490909e+02  -6.885591e+01 
  1.509091e+02  -6.882973e+01 
  1.527273e+02  -6.870159e+01 
  1.545455e+02  -6.874064e+01 
  1.563636e+02  -6.886928e+01 
  1.581818e+02  -6.922648e+01 
  1.600000e+02  -7.101094e+01 
  1.618182e+02  -6.695715e+01 
  1.636364e+02  -6.787177e+01 
  1.654545e+02  -6.847533e+01 
  1.672727e+02  -6.844215e+01 
  1.690909e+02  -6.849251e+01 
  1.709091e+02  -6.845437e+01 
  1.727273e+02  -6.845299e+01 
  1.745455e+02  -6.846645e+01 
  1.763636e+02  -6.845825e+01 
  1.781818e+02  -6.844941e+01 
  1.800000e+02  -6.847791e+01 
  1.818182e+02  -6.847314e+01 
  1.836364e+02  -6.848946e+01 
  1.854545e+02  -6.847878e+01 
  1.872727e+02  -6.849994e+01 
  1.890909e+02  -6.847475e+01 
  1.909091e+02  -6.848338e+01 
  1.927273e+02  -6.848927e+01 
  1.945455e+02  -6.851875e+01 
  1.963636e+02  -6.849049e+01 
  1.981818e+02  -6.849496e+01 
  2.000000e+02  -6.859160e+01 
  2.018182e+02  -6.848943e+01 
  2.036364e+02  -6.851098e+01 
  2.054545e+02  -6.854208e+01 
  2.072727e+02  -6.854730e+01 
  2.090909e+02  -6.857565e+01 
  2.109091e+02  -6.853528e+01 
  2.127273e+02  -6.856432e+01 
  2.145455e+02  -6.859211e+01 
  2.163636e+02  -6.855748e+01 
  2.181818e+02  -6.856118e+01 
  2.200000e+02  -6.856545e+01 
  2.218182e+02  -6.857718e+01 
  2.236364e+02  -6.858330e+01 
  2.254545e+02  -6.858620e+01 
  2.272727e+02  -6.862163e+01 
  2.290909e+02  -6.860741e+01 
  2.309091e+02  -6.862272e+01 
  2.327273e+02  -6.862288e+01 
  2.345455e+02  -6.864179e+01 
  2.363636e+02  -6.864191e+01 
  2.381818e+02  -6.862979e+01 
  2.400000e+02  -6.866141e+01 
