  1.000000e+01  -8.140453e+01 
  1.232323e+01  -7.947708e+01 
  1.464646e+01  -7.817647e+01 
  1.696970e+01  -7.646053e+01 
  1.929293e+01  -7.446848e+01 
  2.161616e+01  -7.338332e+01 
  2.393939e+01  -7.109077e+01 
  2.626263e+01  -6.514796e+01 
  2.858586e+01  -6.592423e+01 
  3.090909e+01  -8.293357e+01 
  3.323232e+01  -8.237026e+01 
  3.555556e+01  -7.806216e+01 
  3.787879e+01  -7.666905e+01 
  4.020202e+01  -7.510217e+01 
  4.252525e+01  -7.451188e+01 
  4.484848e+01  -7.411546e+01 
  4.717172e+01  -7.339992e+01 
  4.949495e+01  -7.324223e+01 
  5.181818e+01  -7.254722e+01 
  5.414141e+01  -7.252608e+01 
  5.646465e+01  -7.203528e+01 
  5.878788e+01  -7.181306e+01 
  6.111111e+01  -7.152464e+01 
  6.343435e+01  -7.051784e+01 
  6.575758e+01  -7.065945e+01 
  6.808081e+01  -7.056332e+01 
  7.040404e+01  -7.038752e+01 
  7.272727e+01  -7.020571e+01 
  7.505051e+01  -7.004189e+01 
  7.737374e+01  -6.981484e+01 
  7.969697e+01  -6.958465e+01 
  8.202020e+01  -6.934275e+01 
  8.434344e+01  -6.895376e+01 
  8.666666e+01  -6.831438e+01 
  8.898990e+01  -6.513566e+01 
  9.131313e+01  -7.548979e+01 
  9.363636e+01  -7.165432e+01 
  9.595959e+01  -7.057823e+01 
  9.828283e+01  -7.017918e+01 
  1.006061e+02  -6.991593e+01 
  1.029293e+02  -6.972755e+01 
  1.052525e+02  -6.962318e+01 
  1.075758e+02  -6.958984e+01 
  1.098990e+02  -6.946216e+01 
  1.122222e+02  -6.947268e+01 
  1.145455e+02  -6.950954e+01 
  1.168687e+02  -7.020627e+01 
  1.191919e+02  -6.769208e+01 
  1.215152e+02  -6.893864e+01 
  1.238384e+02  -6.878391e+01 
  1.261616e+02  -6.873795e+01 
  1.284848e+02  -6.873096e+01 
  1.308081e+02  -6.875100e+01 
  1.331313e+02  -6.870638e+01 
  1.354545e+02  -6.868658e+01 
  1.377778e+02  -6.857295e+01 
  1.401010e+02  -6.839897e+01 
  1.424242e+02  -6.767506e+01 
  1.447475e+02  -6.957878e+01 
  1.470707e+02  -6.901310e+01 
  1.493939e+02  -6.805020e+01 
  1.517172e+02  -6.875099e+01 
  1.540404e+02  -6.882555e+01 
  1.563636e+02  -6.906445e+01 
  1.586869e+02  -6.967792e+01 
  1.610101e+02  -6.742457e+01 
  1.633333e+02  -6.826592e+01 
  1.656566e+02  -6.835722e+01 
  1.679798e+02  -6.835587e+01 
  1.703030e+02  -6.846156e+01 
  1.726263e+02  -6.845825e+01 
  1.749495e+02  -6.846950e+01 
  1.772727e+02  -6.848466e+01 
  1.795960e+02  -6.846101e+01 
  1.819192e+02  -6.849590e+01 
  1.842424e+02  -6.847153e+01 
  1.865657e+02  -6.847684e+01 
  1.888889e+02  -6.849145e+01 
  1.912121e+02  -6.849586e+01 
  1.935354e+02  -6.849833e+01 
  1.958586e+02  -6.848451e+01 
  1.981818e+02  -6.850174e+01 
  2.005051e+02  -6.847788e+01 
  2.028283e+02  -6.851886e+01 
  2.051515e+02  -6.855246e+01 
  2.074747e+02  -6.850365e+01 
  2.097980e+02  -6.856571e+01 
  2.121212e+02  -6.855126e+01 
  2.144444e+02  -6.854168e+01 
  2.167677e+02  -6.856092e+01 
  2.190909e+02  -6.856963e+01 
  2.214141e+02  -6.856886e+01 
  2.237374e+02  -6.859673e+01 
  2.260606e+02  -6.862546e+01 
  2.283838e+02  -6.862440e+01 
  2.307071e+02  -6.859961e+01 
  2.330303e+02  -6.863129e+01 
  2.353535e+02  -6.864947e+01 
  2.376768e+02  -6.866718e+01 
  2.400000e+02  -6.865070e+01 
