  1.600000e+02  -6.094641e+01 
  1.608081e+02  -6.094873e+01 
  1.616162e+02  -6.090980e+01 
  1.624242e+02  -6.094243e+01 
  1.632323e+02  -6.092742e+01 
  1.640404e+02  -6.091201e+01 
  1.648485e+02  -6.090653e+01 
  1.656566e+02  -6.088911e+01 
  1.664646e+02  -6.088281e+01 
  1.672727e+02  -6.089889e+01 
  1.680808e+02  -6.087711e+01 
  1.688889e+02  -6.088641e+01 
  1.696970e+02  -6.087055e+01 
  1.705051e+02  -6.086184e+01 
  1.713131e+02  -6.085583e+01 
  1.721212e+02  -6.086401e+01 
  1.729293e+02  -6.086145e+01 
  1.737374e+02  -6.085395e+01 
  1.745455e+02  -6.085767e+01 
  1.753535e+02  -6.085766e+01 
  1.761616e+02  -6.086275e+01 
  1.769697e+02  -6.088399e+01 
  1.777778e+02  -6.090390e+01 
  1.785859e+02  -6.070350e+01 
  1.793939e+02  -6.069910e+01 
  1.802020e+02  -6.071293e+01 
  1.810101e+02  -6.072794e+01 
  1.818182e+02  -6.065090e+01 
  1.826263e+02  -6.074781e+01 
  1.834343e+02  -6.077503e+01 
  1.842424e+02  -6.077724e+01 
  1.850505e+02  -6.078579e+01 
  1.858586e+02  -6.078233e+01 
  1.866667e+02  -6.077419e+01 
  1.874747e+02  -6.077084e+01 
  1.882828e+02  -6.077632e+01 
  1.890909e+02  -6.076916e+01 
  1.898990e+02  -6.076289e+01 
  1.907071e+02  -6.076328e+01 
  1.915152e+02  -6.076241e+01 
  1.923232e+02  -6.076596e+01 
  1.931313e+02  -6.075874e+01 
  1.939394e+02  -6.074884e+01 
  1.947475e+02  -6.075148e+01 
  1.955556e+02  -6.074016e+01 
  1.963636e+02  -6.073790e+01 
  1.971717e+02  -6.073082e+01 
  1.979798e+02  -6.073880e+01 
  1.987879e+02  -6.072720e+01 
  1.995960e+02  -6.073272e+01 
  2.004040e+02  -6.072478e+01 
  2.012121e+02  -6.071491e+01 
  2.020202e+02  -6.071913e+01 
  2.028283e+02  -6.071598e+01 
  2.036364e+02  -6.071043e+01 
  2.044444e+02  -6.070599e+01 
  2.052525e+02  -6.070879e+01 
  2.060606e+02  -6.070105e+01 
  2.068687e+02  -6.070295e+01 
  2.076768e+02  -6.068401e+01 
  2.084848e+02  -6.067593e+01 
  2.092929e+02  -6.066925e+01 
  2.101010e+02  -6.064170e+01 
  2.109091e+02  -6.063116e+01 
  2.117172e+02  -6.086348e+01 
  2.125253e+02  -6.083107e+01 
  2.133333e+02  -6.077046e+01 
  2.141414e+02  -6.076064e+01 
  2.149495e+02  -6.075251e+01 
  2.157576e+02  -6.075444e+01 
  2.165657e+02  -6.072346e+01 
  2.173737e+02  -6.071572e+01 
  2.181818e+02  -6.073355e+01 
  2.189899e+02  -6.071180e+01 
  2.197980e+02  -6.070935e+01 
  2.206061e+02  -6.069652e+01 
  2.214141e+02  -6.070188e+01 
  2.222222e+02  -6.068836e+01 
  2.230303e+02  -6.068578e+01 
  2.238384e+02  -6.068288e+01 
  2.246465e+02  -6.068829e+01 
  2.254545e+02  -6.068575e+01 
  2.262626e+02  -6.069005e+01 
  2.270707e+02  -6.069116e+01 
  2.278788e+02  -6.067484e+01 
  2.286869e+02  -6.068990e+01 
  2.294949e+02  -6.067624e+01 
  2.303030e+02  -6.066742e+01 
  2.311111e+02  -6.067984e+01 
  2.319192e+02  -6.068029e+01 
  2.327273e+02  -6.068008e+01 
  2.335354e+02  -6.068867e+01 
  2.343434e+02  -6.067283e+01 
  2.351515e+02  -6.067963e+01 
  2.359596e+02  -6.067641e+01 
  2.367677e+02  -6.069102e+01 
  2.375758e+02  -6.068461e+01 
  2.383838e+02  -6.068689e+01 
  2.391919e+02  -6.068075e+01 
  2.400000e+02  -6.066240e+01 
