718
745
718
770
708
771
755
717
726
728
716
698
714
751
720
702
668
734
717
709
746
679
777
738
739
768
749
708
734
760
686
759
724
693
729
721
709
701
692
736
675
733
709
730
709
719
763
717
740
753
745
730
785
724
732
737
707
725
684
762
745
752
754
771
697
674
728
742
733
754
702
757
713
765
736
751
725
665
724
731
718
752
738
705
724
731
699
763
718
705
721
695
705
714
707
698
699
705
744
764
