4240
4273
4163
4130
4276
4302
4197
4173
4287
4217
4232
4292
4346
4227
4241
4135
4214
4259
4237
4299
4369
4280
4254
4276
4203
4339
4160
4185
4236
4410
4097
4352
4315
4229
4297
4171
4213
4259
4299
4236
4271
4308
4310
4325
4338
4166
4134
4380
4268
4171
4074
4184
4221
4249
4174
4059
4145
4177
4140
4221
4369
4174
4221
4054
4249
4401
4172
4204
4151
4234
4096
4306
4204
4167
4200
4185
4267
4218
4280
4321
4285
4155
4159
4236
4224
4216
4137
4303
4241
4358
4372
4194
4266
4252
4226
4165
4210
4233
4265
4198