7185
7186
7442
7352
7360
7348
7327
7541
7426
7372
7427
7290
7268
7471
7375
7330
7258
7156
7535
7413
7445
7196
7288
7205
7268
7314
7471
7375
7330
7205
7258
7202
7343
7284
7342
7447
7230
7192
7409
7304
7394
7321
7408
7412
7441
7315
7247
7477
7330
7205
7244
7385
7275
7278
7361
7385
7039
7258
7268
6986
7272
7242
7244
7231
7212
7274
7466
7440
7309
7274
7428
7232
7313
7348
7290
7198
7275
7287
7311
7161
7228
7433
7347
7269
7176
7147
7231
7098
7186
7249
7377
7249
7377
7338
7265
7297
7384
7147
7445
7343
