2073
2043
2064
2084
2028
2081
2100
2047
2016
2085
2005
2004
2064
2028
2050
2122
2099
2044
2059
2087
2108
2077
1974
2089
2070
2010
2044
2061
1990
1912
2046
2018
1926
1985
2020
2036
2051
2146
2064
2071
2027
2049
2014
1987
1985
2017
1980
2073
2113
2044
2000
1979
2052
2097
2054
2119
2066
2044
2050
2065
2075
2048
1973
2079
2078
2033
2050
2018
2015
2038
1952
2041
2025
2094
1986
2047
2031
2014
2060
2034
2114
2046
2014
1969
2027
2058
2028
2008
2007
1976
2021
2076
2070
2111
2036
2039
2188
2024
2006
2061