5804
5811
5806
5670
5632
5619
5690
5593
5644
5738
5744
5588
5793
5795
5722
5773
5832
5773
5789
5810
5748
5656
5772
5606
5718
5649
5715
5806
5791
5873
5805
5825
5842
5810
5803
5642
5590
5837
5875
5837
5865
5906
5848
5853
5809
5872
5833
5916
5938
5819
5974
5849
5915
5825
5872
5938
6030
5937
5949
5968
6030
5856
5921
5972
5883
5936
5677
5948
5960
6031
5972
5796
5871
5843
5931
5906
5755
5817
5970
6052
5995
6032
5809
5767
5872
5810
5930
5891
6000
5747
5813
5932
5821
5876
6038
5829
5922
5855
5841
5829