  4.000000e+01  -9.632977e+01 
  4.113924e+01  -9.433367e+01 
  4.227848e+01  -9.365087e+01 
  4.341772e+01  -9.326809e+01 
  4.455696e+01  -9.138097e+01 
  4.569620e+01  -9.181125e+01 
  4.683544e+01  -9.111654e+01 
  4.797468e+01  -9.020278e+01 
  4.911393e+01  -8.948422e+01 
  5.025317e+01  -8.438366e+01 
  5.139241e+01  -8.946147e+01 
  5.253165e+01  -9.015283e+01 
  5.367089e+01  -8.774703e+01 
  5.481013e+01  -8.919697e+01 
  5.594937e+01  -8.819933e+01 
  5.708861e+01  -8.860500e+01 
  5.822785e+01  -8.911449e+01 
  5.936709e+01  -8.917693e+01 
  6.050633e+01  -8.931988e+01 
  6.164557e+01  -8.943204e+01 
  6.278481e+01  -8.964758e+01 
  6.392405e+01  -9.069024e+01 
  6.506329e+01  -9.104457e+01 
  6.620253e+01  -8.697952e+01 
  6.734177e+01  -8.635067e+01 
  6.848101e+01  -8.916068e+01 
  6.962025e+01  -8.283015e+01 
  7.075949e+01  -7.108068e+01 
  7.189874e+01  -5.882910e+01 
  7.303797e+01  -7.276542e+01 
  7.417722e+01  -7.743350e+01 
  7.531645e+01  -7.616463e+01 
  7.645570e+01  -7.717073e+01 
  7.759494e+01  -7.948959e+01 
  7.873418e+01  -7.958789e+01 
  7.987342e+01  -8.012852e+01 
  8.101266e+01  -8.051396e+01 
  8.215190e+01  -8.057452e+01 
  8.329114e+01  -8.058290e+01 
  8.443038e+01  -8.133178e+01 
  8.556962e+01  -8.138763e+01 
  8.670886e+01  -8.150878e+01 
  8.784810e+01  -8.150152e+01 
  8.898734e+01  -8.143911e+01 
  9.012658e+01  -8.198341e+01 
  9.126582e+01  -8.208226e+01 
  9.240506e+01  -8.200025e+01 
  9.354430e+01  -8.224556e+01 
  9.468355e+01  -8.256948e+01 
  9.582278e+01  -8.218349e+01 
  9.696203e+01  -8.232760e+01 
  9.810126e+01  -8.311030e+01 
  9.924051e+01  -8.309917e+01 
  1.003797e+02  -8.346262e+01 
  1.015190e+02  -8.429051e+01 
  1.026582e+02  -8.560610e+01 
  1.037975e+02  -8.709151e+01 
  1.049367e+02  -8.981821e+01 
  1.060760e+02  -7.919437e+01 
  1.072152e+02  -6.168783e+01 
  1.083544e+02  -7.013602e+01 
  1.094937e+02  -7.716626e+01 
  1.106329e+02  -7.854598e+01 
  1.117721e+02  -7.924252e+01 
  1.129114e+02  -7.897090e+01 
  1.140506e+02  -7.895473e+01 
  1.151899e+02  -7.994557e+01 
  1.163291e+02  -8.058318e+01 
  1.174684e+02  -8.003558e+01 
  1.186076e+02  -7.994529e+01 
  1.197468e+02  -7.994058e+01 
  1.208861e+02  -8.025098e+01 
  1.220253e+02  -8.019858e+01 
  1.231646e+02  -8.037347e+01 
  1.243038e+02  -8.053602e+01 
  1.254430e+02  -8.050777e+01 
  1.265823e+02  -8.093472e+01 
  1.277215e+02  -8.043777e+01 
  1.288608e+02  -8.045600e+01 
  1.300000e+02  -8.062236e+01 
