  1.000000e+01  -7.676091e+01 
  1.191919e+01  -7.527499e+01 
  1.383838e+01  -7.409691e+01 
  1.575758e+01  -7.324450e+01 
  1.767677e+01  -7.176614e+01 
  1.959596e+01  -7.104285e+01 
  2.151515e+01  -7.000809e+01 
  2.343434e+01  -6.897729e+01 
  2.535353e+01  -6.766498e+01 
  2.727273e+01  -6.607694e+01 
  2.919192e+01  -6.087137e+01 
  3.111111e+01  -7.090305e+01 
  3.303030e+01  -7.738660e+01 
  3.494949e+01  -7.209414e+01 
  3.686869e+01  -7.006374e+01 
  3.878788e+01  -6.885116e+01 
  4.070707e+01  -6.879071e+01 
  4.262626e+01  -6.819855e+01 
  4.454546e+01  -6.796394e+01 
  4.646465e+01  -6.759988e+01 
  4.838384e+01  -6.755714e+01 
  5.030303e+01  -6.648801e+01 
  5.222222e+01  -6.633855e+01 
  5.414141e+01  -6.640299e+01 
  5.606061e+01  -6.630123e+01 
  5.797980e+01  -6.614644e+01 
  5.989899e+01  -6.625262e+01 
  6.181818e+01  -6.920457e+01 
  6.373737e+01  -6.401520e+01 
  6.565656e+01  -6.475774e+01 
  6.757576e+01  -6.503913e+01 
  6.949495e+01  -6.492309e+01 
  7.141414e+01  -6.486624e+01 
  7.333334e+01  -6.474331e+01 
  7.525253e+01  -6.463519e+01 
  7.717171e+01  -6.451637e+01 
  7.909091e+01  -6.442285e+01 
  8.101010e+01  -6.434392e+01 
  8.292929e+01  -6.419794e+01 
  8.484849e+01  -6.407114e+01 
  8.676768e+01  -6.386449e+01 
  8.868687e+01  -6.347367e+01 
  9.060606e+01  -6.237525e+01 
  9.252525e+01  -6.023600e+01 
  9.444444e+01  -6.689047e+01 
  9.636364e+01  -6.483261e+01 
  9.828283e+01  -6.469168e+01 
  1.002020e+02  -6.456409e+01 
  1.021212e+02  -6.444189e+01 
  1.040404e+02  -6.435958e+01 
  1.059596e+02  -6.435724e+01 
  1.078788e+02  -6.430923e+01 
  1.097980e+02  -6.425284e+01 
  1.117172e+02  -6.422870e+01 
  1.136364e+02  -6.424921e+01 
  1.155556e+02  -6.431062e+01 
  1.174747e+02  -6.453527e+01 
  1.193939e+02  -6.545503e+01 
  1.213131e+02  -6.125008e+01 
  1.232323e+02  -6.342271e+01 
  1.251515e+02  -6.358625e+01 
  1.270707e+02  -6.359529e+01 
  1.289899e+02  -6.359794e+01 
  1.309091e+02  -6.362523e+01 
  1.328283e+02  -6.367353e+01 
  1.347475e+02  -6.359903e+01 
  1.366667e+02  -6.366376e+01 
  1.385859e+02  -6.368821e+01 
  1.405051e+02  -6.355237e+01 
  1.424242e+02  -6.346609e+01 
  1.443434e+02  -6.331093e+01 
  1.462626e+02  -6.358159e+01 
  1.481818e+02  -6.420745e+01 
  1.501010e+02  -6.658361e+01 
  1.520202e+02  -6.389218e+01 
  1.539394e+02  -6.391053e+01 
  1.558586e+02  -6.389149e+01 
  1.577778e+02  -6.387722e+01 
  1.596970e+02  -6.401172e+01 
  1.616162e+02  -6.403500e+01 
  1.635354e+02  -6.451407e+01 
  1.654545e+02  -6.438309e+01 
  1.673737e+02  -6.295251e+01 
  1.692929e+02  -6.353471e+01 
  1.712121e+02  -6.355542e+01 
  1.731313e+02  -6.350570e+01 
  1.750505e+02  -6.360987e+01 
  1.769697e+02  -6.367134e+01 
  1.788889e+02  -6.366670e+01 
  1.808081e+02  -6.368871e+01 
  1.827273e+02  -6.369433e+01 
  1.846465e+02  -6.372846e+01 
  1.865657e+02  -6.374845e+01 
  1.884848e+02  -6.375642e+01 
  1.904040e+02  -6.376804e+01 
  1.923232e+02  -6.377687e+01 
  1.942424e+02  -6.377547e+01 
  1.961616e+02  -6.377464e+01 
  1.980808e+02  -6.379070e+01 
  2.000000e+02  -6.380487e+01 
