  2.800000e+02  -7.079613e+01 
  2.825252e+02  -7.083775e+01 
  2.850505e+02  -7.084248e+01 
  2.875757e+02  -7.087233e+01 
  2.901010e+02  -7.087155e+01 
  2.926263e+02  -7.094423e+01 
  2.951515e+02  -7.090218e+01 
  2.976768e+02  -7.097633e+01 
  3.002020e+02  -7.099682e+01 
  3.027273e+02  -7.104897e+01 
  3.052525e+02  -7.107754e+01 
  3.077778e+02  -7.112481e+01 
  3.103030e+02  -7.120206e+01 
  3.128283e+02  -7.128957e+01 
  3.153535e+02  -7.139394e+01 
  3.178788e+02  -7.156992e+01 
  3.204041e+02  -7.187524e+01 
  3.229293e+02  -7.274103e+01 
  3.254546e+02  -7.900611e+01 
  3.279798e+02  -6.772974e+01 
  3.305050e+02  -6.961894e+01 
  3.330303e+02  -7.020082e+01 
  3.355555e+02  -7.034869e+01 
  3.380808e+02  -7.046417e+01 
  3.406060e+02  -7.047967e+01 
  3.431313e+02  -6.965192e+01 
  3.456566e+02  -7.122772e+01 
  3.481818e+02  -7.100070e+01 
  3.507071e+02  -7.104578e+01 
  3.532323e+02  -7.108888e+01 
  3.557576e+02  -7.116755e+01 
  3.582828e+02  -7.133492e+01 
  3.608081e+02  -7.165954e+01 
  3.633333e+02  -7.333632e+01 
  3.658586e+02  -6.866467e+01 
  3.683839e+02  -7.001061e+01 
  3.709091e+02  -7.045481e+01 
  3.734344e+02  -7.055981e+01 
  3.759596e+02  -7.063564e+01 
  3.784849e+02  -7.064233e+01 
  3.810101e+02  -7.061103e+01 
  3.835353e+02  -7.041785e+01 
  3.860606e+02  -6.928473e+01 
  3.885858e+02  -7.207848e+01 
  3.911111e+02  -7.148896e+01 
  3.936364e+02  -7.131786e+01 
  3.961616e+02  -7.128925e+01 
  3.986869e+02  -7.131567e+01 
  4.012121e+02  -7.132359e+01 
  4.037374e+02  -7.153499e+01 
  4.062626e+02  -7.016948e+01 
  4.087879e+02  -7.077180e+01 
  4.113131e+02  -7.090137e+01 
  4.138384e+02  -7.068853e+01 
  4.163636e+02  -7.008340e+01 
  4.188889e+02  -7.266885e+01 
  4.214142e+02  -7.215682e+01 
  4.239394e+02  -7.158696e+01 
  4.264647e+02  -7.163087e+01 
  4.289899e+02  -7.159283e+01 
  4.315151e+02  -7.154510e+01 
  4.340404e+02  -7.153386e+01 
  4.365656e+02  -7.150942e+01 
  4.390909e+02  -7.152177e+01 
  4.416161e+02  -7.153165e+01 
  4.441414e+02  -7.155088e+01 
  4.466667e+02  -7.151945e+01 
  4.491919e+02  -7.156751e+01 
  4.517172e+02  -7.151545e+01 
  4.542424e+02  -7.153841e+01 
  4.567677e+02  -7.156179e+01 
  4.592929e+02  -7.156549e+01 
  4.618182e+02  -7.158082e+01 
  4.643434e+02  -7.159914e+01 
  4.668687e+02  -7.160686e+01 
  4.693940e+02  -7.160243e+01 
  4.719192e+02  -7.160791e+01 
  4.744445e+02  -7.161915e+01 
  4.769697e+02  -7.163779e+01 
  4.794950e+02  -7.163765e+01 
  4.820202e+02  -7.165807e+01 
  4.845454e+02  -7.166277e+01 
  4.870707e+02  -7.168309e+01 
  4.895959e+02  -7.167981e+01 
  4.921212e+02  -7.168573e+01 
  4.946465e+02  -7.170814e+01 
  4.971717e+02  -7.171924e+01 
  4.996970e+02  -7.171684e+01 
  5.022222e+02  -7.172766e+01 
  5.047475e+02  -7.174492e+01 
  5.072727e+02  -7.176082e+01 
  5.097980e+02  -7.176836e+01 
  5.123232e+02  -7.176955e+01 
  5.148485e+02  -7.178870e+01 
  5.173737e+02  -7.179274e+01 
  5.198990e+02  -7.179796e+01 
  5.224243e+02  -7.181268e+01 
  5.249495e+02  -7.183134e+01 
  5.274747e+02  -7.184687e+01 
  5.300000e+02  -7.183667e+01 
