723
650
599
690
708
683
670
691
675
699
658
620
657
698
665
682
668
641
687
682
683
695
694
650
682
674
677
673
622
663
720
633
692
703
698
666
673
656
686
699
695
694
674
673
659
682
706
715
657
651
669
657
675
647
660
675
720
631
732
668
669
686
702
706
706
675
692
688
626
704
714
676
705
721
686
697
671
717
694
714
671
754
685
675
697
696
729
714
660
649
694
665
677
702
656
710
645
659
719
643
656
685
728
