6206
6288
6198
6339
6314
6178
6298
6377
6292
6359
6245
6404
6334
6482
6336
6341
6287
6406
6325
6346
6458
6276
6455
6218
6400
6154
6306
6282
6220
6222
6225
6453
6327
6270
6189
6331
6196
6177
6283
6302
6209
6336
6257
6305
6375
6396
6267
6390
6259
6363
6259
6356
6247
6425
6312
6290
6394
6052
6298
6366
6304
6331
6418
6175
6463
6393
6409
6316
6360
6277
6334
6446
6280
6196
6415
6259
6420
6319
6256
6274
6409
6348
6372
6303
6333
6237
6156
6354
6304
6456
6242
6278
6170
6214
6188
6308
6261
6311
6310
6367
6449
6578
6413
6409
6274
6214
6319
6260
6457
6362
6369
6448
6318
6276
