6641
6566
6482
6529
6557
6499
6537
6468
6555
6479
6514
6462
6630
6447
6328
6499
6552
6570
6423
6417
6532
6493
6454
6431
6529
6476
6440
6579
6492
6461
6498
6555
6577
6410
6610
6621
6466
6664
6542
6617
6546
6503
6401
6468
6520
6489
6776
6428
6584
6439
6522
6439
6416
6498
6433
6515
6662
6530
6660
6585
6535
6214
6520
6494
6457
6476
6557
6431
6480
6360
6556
6500
6648
6431
6415
6402
6641
6541
6517
6402
6534
6440
6466
6571
6577
6531
6361
6651
6464
6452
6519
6511
6522
6419
6582
6547
6534
6463
6562
6555
6486
6420
6523
6534
6546
6587
6492
6637
6553
6380
6701
6528
6567
6488
6590
