3951
3727
3792
3904
3850
3762
3816
3887
3849
3927
3978
3807
3758
3805
3845
3819
3860
3913
4006
3880
3957
3912
3816
3806
3999
3868
3890
3867
3793
3884
3918
3843
3835
3913
3890
3818
3884
3937
3860
3880
3844
3803
3926
3810
3920
3792
3817
3961
3901
3778
3896
3935
3916
3916
3917
3795
3962
3908
3972
3830
3965
3740
3820
3892
3868
3830
3827
3895
3908
3859
3939
3999
4003
3821
3882
3824
3892
3962
3918
4010
3918
3935
3864
3916
3839
3933
3927
3946
3960
3896
4004
3848
3896
3819
3769
3909
3905
3955
3892
3891
3872
3949
3824
4001
3964
3840
3830
