6585
6551
6584
6359
6464
6510
6559
6574
6410
6462
6371
6572
6563
6551
6525
6410
6490
6576
6553
6520
6547
6445
6456
6421
6530
6390
6504
6576
6514
6589
6494
6384
6382
6496
6531
6498
6444
6696
6705
6628
6427
6514
6416
6320
6494
6477
6415
6499
6503
6397
6433
6488
6480
6401
6416
6463
6458
6338
6553
6459
6489
6604
6631
6414
6506
6477
6588
6526
6498
6517
6491
6506
6505
6489
6434
6483
6529
6533
6483
6380
6571
6584
6479
6508
6620
6595
6605
6536
6563
6615
6627
6529
6497
6485
6608
6573
6566
6508
6447
6497
6541
6507
6498
6584
6559
6505
6599
6531
6591
6711
6536
6570
