1902
1798
1881
1939
2031
1870
1923
1896
1943
1884
1822
1905
1982
1911
1960
1892
1885
1962
1915
1936
1898
1931
1869
1966
1876
1915
1880
1990
1945
1793
1968
1917
1977
1991
1905
1919
2046
2086
1934
1909
1908
1963
1986
1926
1900
1940
1903
1815
1846
1924
1929
1934
1920
1998
1867
1926
1915
1939
2009
1884
1923
1977
1855
1932
1964
1943
1886
1918
1852
1943
1937
1930
1983
1961
1902
1973
1939
1933
1930
1905
1910
1974
1906
1948
1937
1946
1915
1914
1861
1968
1963
1932
1972
1927
1901
1941
1947
1921
1925
1886
1998
2003
1836
1954
1880
1880
1865
1898
1884
1923
1925
2000
1961
