5894
5863
5822
5796
5949
5920
5977
5734
6056
5923
5914
5832
5926
5944
5770
5801
5796
5880
5973
5984
5880
5845
5872
5998
5880
5880
5953
5993
5967
5957
5949
5853
6038
5959
5919
5996
5790
5931
5847
5994
5910
5946
5886
5976
6057
5953
5827
5933
5845
5872
5981
5934
5818
6017
5963
5866
5892
5857
5896
5770
5862
6058
5913
6039
5929
5982
5932
5946
5972
5879
5994
5912
5950
5931
5947
6080
5919
5888
5805
5936
5976
5861
5953
6073
5865
5900
5920
5877
6110
5929
5973
6181
6012
5830
6027
5806
5985
5898
5969
5883
5927
6026
5968
5830
5894
6169
5992
5928
6183
