5199
5266
4969
5112
5153
5259
5230
5111
5033
5131
5207
5135
5223
5254
5213
5197
5212
5060
5183
5134
5082
5239
5057
5083
5283
5015
5202
5184
5153
5086
5131
5230
5157
5114
5131
5172
5176
5112
5218
5226
5096
5164
5107
5143
5083
5147
5212
5171
5116
5063
5209
5018
5190
5066
5147
5245
5237
5196
5098
5165
5157
5138
5055
5110
5228
5159
5173
5182
5068
5340
5138
5198
5204
5120
5181
5047
5055
5183
5061
5161
4980
5180
5302
5170
5129
5159
5058
5058
5197
5141
5133
5195
5109
5058
5126
5210
5157
5229
5185
5244
5072
5093
5240
5021
5015
5186
5134
5203
5030
5223
5175
5187
5103
5176
5312