6235
6266
6296
6147
6189
6216
6333
6187
6190
6221
6220
6263
6260
6363
6320
6267
6327
6305
6281
6249
6365
6255
6284
6264
6130
6238
6146
6452
6200
6124
6283
6144
6268
6366
6349
6260
6236
6245
6131
6273
6294
6335
6340
6177
6177
6090
6560
6283
6256
6406
6243
6171
6242
6320
6327
6218
6244
6261
6177
6372
6232
6215
6274
6356
6170
6354
6243
6279
6252
6146
6226
6196
6367
6249
6208
6323
6244
6270
6243
6207
6315
6130
6250
6322
6255
6183
6182
6185
6315
6236
6388
6250
6188
6214
6205
6323
6360
6208
6304
6304
6365
6207
6381
6346
6315
6309
6142
6336
6404
6274
6344
6259
6279
6223
6215
6365
6458
6230
6381
6335
6243
6088
6367
6183
