6170
6052
6042
6205
6051
6079
5976
6244
6117
6166
6215
6159
6033
6095
6269
6110
6094
6035
6279
6256
6244
5991
6171
6114
6264
6261
6196
6038
6078
6228
6153
6313
6141
6020
6088
6179
6251
5972
6012
6129
6269
6269
6041
6188
6113
6107
6013
6148
6104
6040
6094
6218
6197
6193
5982
6293
6210
6134
6144
6203
6069
6239
6303
6027
6186
6043
6156
6015
6106
6219
6181
6139
6204
6101
6216
6216
6036
6253
6205
6100
6187
6063
6342
6104
6239
6032
6118
6123
6188
6265
6170
6064
6238
6191
6059
6223
6055
6110
6195
6122
6080
6119
6164
6136
6166
6130
6141
6139
6273
6299
6287
6258
6045
6183
6168
6059
