6317
6326
6148
6327
6349
6235
6293
6164
6127
6082
6143
6366
6127
6173
6103
6107
6342
6089
6225
6130
6326
6278
6233
6130
6396
6163
6307
6229
6335
6325
6173
6406
6173
6247
6377
6253
6354
6343
6247
6298
6258
6081
6280
6282
6209
6209
6196
6350
6194
6321
6280
6159
6375
6408
6210
6201
6173
6331
6275
6301
6274
6236
6131
6233
6229
6356
6228
6213
6302
6284
6278
6224
6247
6358
6181
6333
6149
6299
6368
6358
6249
6135
6371
6208
6476
6224
6420
6267
6172
6116
6276
6338
6349
6305
6229
6158
6225
6411
6334
6392
6288
6257
6163
6197
6382
6295
6219
6215
6212
6215
6244
6240
6152
6443
6328
6283
6349
6400
6339
