  6.000000e+02  -7.914437e+01 
  6.040404e+02  -7.918398e+01 
  6.080808e+02  -7.918643e+01 
  6.121212e+02  -7.922227e+01 
  6.161616e+02  -7.925826e+01 
  6.202020e+02  -7.930795e+01 
  6.242424e+02  -7.937548e+01 
  6.282828e+02  -7.945746e+01 
  6.323232e+02  -7.962094e+01 
  6.363636e+02  -7.994037e+01 
  6.404041e+02  -8.104456e+01 
  6.444445e+02  -7.242520e+01 
  6.484849e+02  -7.780190e+01 
  6.525253e+02  -7.864051e+01 
  6.565657e+02  -8.181731e+01 
  6.606061e+02  -7.670000e+01 
  6.646465e+02  -7.746358e+01 
  6.686869e+02  -7.725854e+01 
  6.727273e+02  -7.653075e+01 
  6.767677e+02  -7.407897e+01 
  6.808081e+02  -7.079285e+01 
  6.848485e+02  -8.456482e+01 
  6.888889e+02  -8.217882e+01 
  6.929293e+02  -8.151275e+01 
  6.969697e+02  -8.132460e+01 
  7.010101e+02  -8.173032e+01 
  7.050505e+02  -7.804635e+01 
  7.090909e+02  -7.986028e+01 
  7.131313e+02  -8.041635e+01 
  7.171717e+02  -8.089156e+01 
  7.212121e+02  -8.273080e+01 
  7.252525e+02  -7.616927e+01 
  7.292929e+02  -7.862198e+01 
  7.333333e+02  -7.926020e+01 
  7.373737e+02  -7.942761e+01 
  7.414141e+02  -7.956942e+01 
  7.454545e+02  -7.974020e+01 
  7.494949e+02  -7.987596e+01 
  7.535353e+02  -8.047651e+01 
  7.575757e+02  -7.929823e+01 
  7.616161e+02  -7.951334e+01 
  7.656566e+02  -7.959440e+01 
  7.696970e+02  -7.963211e+01 
  7.737374e+02  -7.967852e+01 
  7.777778e+02  -7.970492e+01 
  7.818182e+02  -7.973721e+01 
  7.858586e+02  -7.972620e+01 
  7.898990e+02  -7.978299e+01 
  7.939394e+02  -7.980430e+01 
  7.979798e+02  -7.980074e+01 
  8.020202e+02  -7.985732e+01 
  8.060606e+02  -7.984995e+01 
  8.101010e+02  -7.988430e+01 
  8.141414e+02  -7.987664e+01 
  8.181818e+02  -7.989072e+01 
  8.222222e+02  -7.989423e+01 
  8.262626e+02  -7.992422e+01 
  8.303030e+02  -7.994916e+01 
  8.343434e+02  -7.995616e+01 
  8.383839e+02  -7.995535e+01 
  8.424243e+02  -7.995798e+01 
  8.464647e+02  -8.000417e+01 
  8.505051e+02  -8.016852e+01 
  8.545455e+02  -8.001741e+01 
  8.585859e+02  -8.001196e+01 
  8.626263e+02  -8.005289e+01 
  8.666667e+02  -8.006442e+01 
  8.707071e+02  -8.008681e+01 
  8.747475e+02  -8.007425e+01 
  8.787879e+02  -8.010685e+01 
  8.828283e+02  -8.011102e+01 
  8.868687e+02  -8.011325e+01 
  8.909091e+02  -8.014201e+01 
  8.949495e+02  -8.016648e+01 
  8.989899e+02  -8.019246e+01 
  9.030303e+02  -8.019753e+01 
  9.070707e+02  -8.015646e+01 
  9.111111e+02  -8.020464e+01 
  9.151515e+02  -8.021114e+01 
  9.191919e+02  -8.026440e+01 
  9.232323e+02  -8.026608e+01 
  9.272727e+02  -8.028978e+01 
  9.313131e+02  -8.032050e+01 
  9.353535e+02  -8.032904e+01 
  9.393939e+02  -8.040371e+01 
  9.434343e+02  -8.043982e+01 
  9.474747e+02  -8.054509e+01 
  9.515151e+02  -8.065459e+01 
  9.555555e+02  -8.080958e+01 
  9.595959e+02  -8.139930e+01 
  9.636364e+02  -9.194184e+01 
  9.676768e+02  -7.912428e+01 
  9.717172e+02  -8.013689e+01 
  9.757576e+02  -8.219403e+01 
  9.797980e+02  -7.614516e+01 
  9.838384e+02  -7.809325e+01 
  9.878788e+02  -7.844421e+01 
  9.919192e+02  -7.816554e+01 
  9.959596e+02  -7.696830e+01 
  1.000000e+03  -6.712964e+01 
