  1.000000e+02  -7.816516e+01 
  1.010101e+02  -7.832655e+01 
  1.020202e+02  -7.850966e+01 
  1.030303e+02  -7.896259e+01 
  1.040404e+02  -7.975742e+01 
  1.050505e+02  -8.207471e+01 
  1.060606e+02  -8.191798e+01 
  1.070707e+02  -6.776321e+01 
  1.080808e+02  -7.093812e+01 
  1.090909e+02  -7.363819e+01 
  1.101010e+02  -7.731820e+01 
  1.111111e+02  -7.684603e+01 
  1.121212e+02  -7.664278e+01 
  1.131313e+02  -7.686372e+01 
  1.141414e+02  -7.680516e+01 
  1.151515e+02  -7.641068e+01 
  1.161616e+02  -7.661928e+01 
  1.171717e+02  -7.689372e+01 
  1.181818e+02  -7.677670e+01 
  1.191919e+02  -7.690349e+01 
  1.202020e+02  -7.703943e+01 
  1.212121e+02  -7.710983e+01 
  1.222222e+02  -7.717120e+01 
  1.232323e+02  -7.723866e+01 
  1.242424e+02  -7.731149e+01 
  1.252525e+02  -7.746088e+01 
  1.262626e+02  -7.756461e+01 
  1.272727e+02  -7.764621e+01 
  1.282828e+02  -7.780627e+01 
  1.292929e+02  -7.795163e+01 
  1.303030e+02  -7.822124e+01 
  1.313131e+02  -7.853868e+01 
  1.323232e+02  -7.887094e+01 
  1.333333e+02  -7.941863e+01 
  1.343434e+02  -8.033310e+01 
  1.353535e+02  -8.165648e+01 
  1.363636e+02  -8.336749e+01 
  1.373737e+02  -7.568542e+01 
  1.383838e+02  -6.197034e+01 
  1.393939e+02  -6.667566e+01 
  1.404040e+02  -7.075125e+01 
  1.414141e+02  -7.492334e+01 
  1.424242e+02  -7.351475e+01 
  1.434343e+02  -7.513726e+01 
  1.444444e+02  -7.386481e+01 
  1.454545e+02  -7.523234e+01 
  1.464646e+02  -7.553347e+01 
  1.474747e+02  -7.520803e+01 
  1.484848e+02  -7.571961e+01 
  1.494949e+02  -7.460579e+01 
  1.505051e+02  -7.522822e+01 
  1.515152e+02  -7.586218e+01 
  1.525253e+02  -7.631338e+01 
  1.535354e+02  -7.642191e+01 
  1.545455e+02  -7.645305e+01 
  1.555556e+02  -7.668797e+01 
  1.565657e+02  -7.682182e+01 
  1.575758e+02  -7.719083e+01 
  1.585859e+02  -7.737815e+01 
  1.595960e+02  -7.810573e+01 
  1.606061e+02  -7.949567e+01 
  1.616162e+02  -8.794192e+01 
  1.626263e+02  -8.058231e+01 
  1.636364e+02  -6.820290e+01 
  1.646465e+02  -7.085107e+01 
  1.656566e+02  -7.302205e+01 
  1.666667e+02  -7.572048e+01 
  1.676768e+02  -7.462711e+01 
  1.686869e+02  -7.456807e+01 
  1.696970e+02  -7.487006e+01 
  1.707071e+02  -7.506950e+01 
  1.717172e+02  -7.520698e+01 
  1.727273e+02  -7.532007e+01 
  1.737374e+02  -7.553809e+01 
  1.747475e+02  -7.551046e+01 
  1.757576e+02  -7.558909e+01 
  1.767677e+02  -7.565555e+01 
  1.777778e+02  -7.571640e+01 
  1.787879e+02  -7.574058e+01 
  1.797980e+02  -7.579028e+01 
  1.808081e+02  -7.583111e+01 
  1.818182e+02  -7.586388e+01 
  1.828283e+02  -7.588622e+01 
  1.838384e+02  -7.589864e+01 
  1.848485e+02  -7.594450e+01 
  1.858586e+02  -7.595972e+01 
  1.868687e+02  -7.585802e+01 
  1.878788e+02  -7.602959e+01 
  1.888889e+02  -7.603430e+01 
  1.898990e+02  -7.603891e+01 
  1.909091e+02  -7.608757e+01 
  1.919192e+02  -7.607072e+01 
  1.929293e+02  -7.609586e+01 
  1.939394e+02  -7.608950e+01 
  1.949495e+02  -7.614484e+01 
  1.959596e+02  -7.614399e+01 
  1.969697e+02  -7.615599e+01 
  1.979798e+02  -7.617666e+01 
  1.989899e+02  -7.619534e+01 
  2.000000e+02  -7.618732e+01 