  1.000000e+01  -8.786156e+01 
  1.111111e+01  -8.663661e+01 
  1.222222e+01  -8.555737e+01 
  1.333333e+01  -8.500059e+01 
  1.444444e+01  -8.343262e+01 
  1.555556e+01  -8.430653e+01 
  1.666667e+01  -7.852773e+01 
  1.777778e+01  -8.242664e+01 
  1.888889e+01  -8.138127e+01 
  2.000000e+01  -8.157323e+01 
  2.111111e+01  -8.058933e+01 
  2.222222e+01  -7.994952e+01 
  2.333333e+01  -7.911211e+01 
  2.444444e+01  -7.851737e+01 
  2.555556e+01  -7.731055e+01 
  2.666667e+01  -7.637957e+01 
  2.777778e+01  -7.507169e+01 
  2.888889e+01  -7.334455e+01 
  3.000000e+01  -7.086160e+01 
  3.111111e+01  -6.521053e+01 
  3.222222e+01  -5.009691e+01 
  3.333333e+01  -6.591446e+01 
  3.444444e+01  -7.283550e+01 
  3.555556e+01  -8.082300e+01 
  3.666667e+01  -7.997089e+01 
  3.777778e+01  -8.279739e+01 
  3.888889e+01  -8.889677e+01 
  4.000000e+01  -9.101640e+01 
  4.111111e+01  -8.869890e+01 
  4.222222e+01  -8.794223e+01 
  4.333333e+01  -8.538033e+01 
  4.444444e+01  -8.553649e+01 
  4.555556e+01  -8.427943e+01 
  4.666667e+01  -8.433994e+01 
  4.777778e+01  -8.345567e+01 
  4.888889e+01  -8.360312e+01 
  5.000000e+01  -8.335209e+01 
  5.111111e+01  -8.285717e+01 
  5.222222e+01  -8.224160e+01 
  5.333333e+01  -8.139355e+01 
  5.444444e+01  -8.327218e+01 
  5.555556e+01  -8.307307e+01 
  5.666667e+01  -8.175897e+01 
  5.777778e+01  -8.173865e+01 
  5.888889e+01  -8.159906e+01 
  6.000000e+01  -8.251161e+01 
  6.111111e+01  -8.194125e+01 
  6.222222e+01  -8.176425e+01 
  6.333333e+01  -8.201165e+01 
  6.444444e+01  -8.184920e+01 
  6.555556e+01  -8.219907e+01 
  6.666666e+01  -8.320760e+01 
  6.777778e+01  -8.399445e+01 
  6.888889e+01  -8.411465e+01 
  7.000000e+01  -8.763497e+01 
  7.111111e+01  -7.627805e+01 
  7.222222e+01  -5.931838e+01 
  7.333334e+01  -6.644770e+01 
  7.444444e+01  -7.385566e+01 
  7.555556e+01  -7.147369e+01 
  7.666666e+01  -7.307456e+01 
  7.777778e+01  -7.488791e+01 
  7.888889e+01  -7.706407e+01 
  8.000000e+01  -7.640389e+01 
  8.111111e+01  -7.654173e+01 
  8.222222e+01  -7.663680e+01 
  8.333334e+01  -7.697759e+01 
  8.444444e+01  -7.673309e+01 
  8.555556e+01  -7.696865e+01 
  8.666666e+01  -7.697327e+01 
  8.777778e+01  -7.718387e+01 
  8.888889e+01  -7.725613e+01 
  9.000000e+01  -7.726540e+01 
  9.111111e+01  -7.734608e+01 
  9.222222e+01  -7.737678e+01 
  9.333334e+01  -7.743214e+01 
  9.444444e+01  -7.743720e+01 
  9.555556e+01  -7.749290e+01 
  9.666666e+01  -7.754386e+01 
  9.777778e+01  -7.763123e+01 
  9.888889e+01  -7.772915e+01 
  1.000000e+02  -7.788654e+01 
  1.011111e+02  -7.805552e+01 
  1.022222e+02  -7.819281e+01 
  1.033333e+02  -7.871800e+01 
  1.044444e+02  -7.971516e+01 
  1.055556e+02  -8.255610e+01 
  1.066667e+02  -7.253381e+01 
  1.077778e+02  -7.226814e+01 
  1.088889e+02  -7.369215e+01 
  1.100000e+02  -7.688725e+01 
  1.111111e+02  -7.527326e+01 
  1.122222e+02  -7.550165e+01 
  1.133333e+02  -7.609612e+01 
  1.144444e+02  -7.674995e+01 
  1.155556e+02  -7.641344e+01 
  1.166667e+02  -7.669312e+01 
  1.177778e+02  -7.671936e+01 
  1.188889e+02  -7.678635e+01 
  1.200000e+02  -7.691322e+01 