  2.000000e+02  -7.618652e+01 
  2.020202e+02  -7.622209e+01 
  2.040404e+02  -7.622534e+01 
  2.060606e+02  -7.625404e+01 
  2.080808e+02  -7.631534e+01 
  2.101010e+02  -7.632961e+01 
  2.121212e+02  -7.635442e+01 
  2.141414e+02  -7.635883e+01 
  2.161616e+02  -7.640825e+01 
  2.181818e+02  -7.645160e+01 
  2.202020e+02  -7.634611e+01 
  2.222222e+02  -7.641679e+01 
  2.242424e+02  -7.641601e+01 
  2.262626e+02  -7.652348e+01 
  2.282828e+02  -7.644944e+01 
  2.303030e+02  -7.643030e+01 
  2.323232e+02  -7.651804e+01 
  2.343434e+02  -7.645869e+01 
  2.363636e+02  -7.657685e+01 
  2.383838e+02  -7.647392e+01 
  2.404040e+02  -7.655246e+01 
  2.424242e+02  -7.658080e+01 
  2.444444e+02  -7.651453e+01 
  2.464646e+02  -7.664058e+01 
  2.484848e+02  -7.636094e+01 
  2.505051e+02  -7.618887e+01 
  2.525253e+02  -7.656371e+01 
  2.545455e+02  -7.660919e+01 
  2.565656e+02  -7.663351e+01 
  2.585858e+02  -7.664368e+01 
  2.606060e+02  -7.671992e+01 
  2.626263e+02  -7.665128e+01 
  2.646465e+02  -7.661125e+01 
  2.666667e+02  -7.662965e+01 
  2.686869e+02  -7.668136e+01 
  2.707071e+02  -7.667148e+01 
  2.727273e+02  -7.667988e+01 
  2.747475e+02  -7.661694e+01 
  2.767677e+02  -7.665788e+01 
  2.787879e+02  -7.662728e+01 
  2.808081e+02  -7.660345e+01 
  2.828283e+02  -7.660880e+01 
  2.848485e+02  -7.665410e+01 
  2.868687e+02  -7.657209e+01 
  2.888889e+02  -7.653355e+01 
  2.909091e+02  -7.649776e+01 
  2.929293e+02  -7.644324e+01 
  2.949495e+02  -7.638212e+01 
  2.969697e+02  -7.633262e+01 
  2.989899e+02  -7.622569e+01 
  3.010101e+02  -7.609312e+01 
  3.030303e+02  -7.590408e+01 
  3.050505e+02  -7.567194e+01 
  3.070707e+02  -7.532058e+01 
  3.090909e+02  -7.471919e+01 
  3.111111e+02  -7.366621e+01 
  3.131313e+02  -7.091121e+01 
  3.151515e+02  -6.271855e+01 
  3.171717e+02  -8.170113e+01 
  3.191919e+02  -8.167952e+01 
  3.212121e+02  -8.020921e+01 
  3.232323e+02  -7.988198e+01 
  3.252525e+02  -8.225065e+01 
  3.272727e+02  -7.814432e+01 
  3.292929e+02  -7.787341e+01 
  3.313131e+02  -7.777782e+01 
  3.333333e+02  -7.749833e+01 
  3.353535e+02  -7.718983e+01 
  3.373737e+02  -7.677897e+01 
  3.393940e+02  -7.612852e+01 
  3.414142e+02  -7.501785e+01 
  3.434344e+02  -7.269321e+01 
  3.454546e+02  -6.425491e+01 
  3.474748e+02  -7.265248e+01 
  3.494950e+02  -8.364144e+01 
  3.515151e+02  -8.278087e+01 
  3.535353e+02  -8.329763e+01 
  3.555555e+02  -8.235344e+01 
  3.575757e+02  -8.223156e+01 
  3.595959e+02  -8.234972e+01 
  3.616161e+02  -8.254543e+01 
  3.636364e+02  -8.301634e+01 
  3.656566e+02  -8.451127e+01 
  3.676768e+02  -8.467480e+01 
  3.696970e+02  -8.319710e+01 
  3.717172e+02  -7.221954e+01 
  3.737374e+02  -6.141819e+01 
  3.757576e+02  -7.277225e+01 
  3.777778e+02  -7.430283e+01 
  3.797980e+02  -7.548364e+01 
  3.818182e+02  -7.600043e+01 
  3.838384e+02  -7.656348e+01 
  3.858586e+02  -7.696619e+01 
  3.878788e+02  -7.733014e+01 
  3.898990e+02  -7.767892e+01 
  3.919192e+02  -7.810831e+01 
  3.939394e+02  -7.874575e+01 
  3.959596e+02  -8.021781e+01 
  3.979798e+02  -8.744069e+01 
  4.000000e+02  -7.055943e+01 