  4.800000e+02  -7.782825e+01 
  4.824243e+02  -7.786475e+01 
  4.848485e+02  -7.783443e+01 
  4.872727e+02  -7.786187e+01 
  4.896970e+02  -7.788474e+01 
  4.921212e+02  -7.787950e+01 
  4.945454e+02  -7.787060e+01 
  4.969697e+02  -7.786422e+01 
  4.993940e+02  -7.787460e+01 
  5.018182e+02  -7.791174e+01 
  5.042424e+02  -7.792266e+01 
  5.066667e+02  -7.790708e+01 
  5.090909e+02  -7.792368e+01 
  5.115151e+02  -7.796931e+01 
  5.139394e+02  -7.796059e+01 
  5.163636e+02  -7.798670e+01 
  5.187879e+02  -7.801204e+01 
  5.212121e+02  -7.800693e+01 
  5.236364e+02  -7.800328e+01 
  5.260606e+02  -7.797714e+01 
  5.284849e+02  -7.799697e+01 
  5.309091e+02  -7.804699e+01 
  5.333333e+02  -7.805623e+01 
  5.357576e+02  -7.809322e+01 
  5.381818e+02  -7.810059e+01 
  5.406061e+02  -7.808390e+01 
  5.430303e+02  -7.809026e+01 
  5.454545e+02  -7.810493e+01 
  5.478788e+02  -7.817294e+01 
  5.503030e+02  -7.808302e+01 
  5.527273e+02  -7.819249e+01 
  5.551515e+02  -7.814251e+01 
  5.575757e+02  -7.816776e+01 
  5.600000e+02  -7.816716e+01 
  5.624243e+02  -7.816627e+01 
  5.648485e+02  -7.815578e+01 
  5.672727e+02  -7.820791e+01 
  5.696970e+02  -7.822910e+01 
  5.721212e+02  -7.824597e+01 
  5.745455e+02  -7.822697e+01 
  5.769697e+02  -7.826389e+01 
  5.793939e+02  -7.824754e+01 
  5.818182e+02  -7.825233e+01 
  5.842424e+02  -7.825813e+01 
  5.866667e+02  -7.831625e+01 
  5.890909e+02  -7.828278e+01 
  5.915151e+02  -7.830042e+01 
  5.939394e+02  -7.832547e+01 
  5.963636e+02  -7.831380e+01 
  5.987879e+02  -7.834855e+01 
  6.012121e+02  -7.837067e+01 
  6.036364e+02  -7.836317e+01 
  6.060606e+02  -7.835777e+01 
  6.084849e+02  -7.839082e+01 
  6.109091e+02  -7.837767e+01 
  6.133333e+02  -7.841002e+01 
  6.157576e+02  -7.841639e+01 
  6.181818e+02  -7.841942e+01 
  6.206061e+02  -7.842133e+01 
  6.230303e+02  -7.844201e+01 
  6.254545e+02  -7.846263e+01 
  6.278788e+02  -7.848753e+01 
  6.303030e+02  -7.848981e+01 
  6.327273e+02  -7.849700e+01 
  6.351515e+02  -7.854984e+01 
  6.375757e+02  -7.860537e+01 
  6.400000e+02  -7.863003e+01 
  6.424243e+02  -7.881905e+01 
  6.448485e+02  -7.966175e+01 
  6.472727e+02  -7.755920e+01 
  6.496970e+02  -7.790763e+01 
  6.521212e+02  -7.816172e+01 
  6.545455e+02  -7.817631e+01 
  6.569697e+02  -7.814984e+01 
  6.593939e+02  -7.799014e+01 
  6.618182e+02  -7.723245e+01 
  6.642424e+02  -7.945385e+01 
  6.666667e+02  -7.900745e+01 
  6.690909e+02  -7.877353e+01 
  6.715151e+02  -7.873685e+01 
  6.739394e+02  -7.868832e+01 
  6.763636e+02  -7.865830e+01 
  6.787879e+02  -7.863824e+01 
  6.812121e+02  -7.860480e+01 
  6.836364e+02  -7.855032e+01 
  6.860606e+02  -7.882108e+01 
  6.884849e+02  -7.872260e+01 
  6.909091e+02  -7.867880e+01 
  6.933333e+02  -7.868613e+01 
  6.957576e+02  -7.867371e+01 
  6.981818e+02  -7.865625e+01 
  7.006061e+02  -7.861099e+01 
  7.030303e+02  -7.853618e+01 
  7.054545e+02  -7.816159e+01 
  7.078788e+02  -7.981183e+01 
  7.103030e+02  -7.928294e+01 
  7.127273e+02  -7.908170e+01 
  7.151515e+02  -7.911836e+01 
  7.175757e+02  -7.917817e+01 
  7.200000e+02  -7.931122e+01 