  2.800000e+02  -7.663414e+01 
  2.817172e+02  -7.662631e+01 
  2.834344e+02  -7.661362e+01 
  2.851515e+02  -7.664781e+01 
  2.868687e+02  -7.665405e+01 
  2.885858e+02  -7.664652e+01 
  2.903030e+02  -7.666776e+01 
  2.920202e+02  -7.666570e+01 
  2.937374e+02  -7.666367e+01 
  2.954546e+02  -7.668949e+01 
  2.971717e+02  -7.664526e+01 
  2.988889e+02  -7.666132e+01 
  3.006060e+02  -7.668725e+01 
  3.023232e+02  -7.669156e+01 
  3.040404e+02  -7.668464e+01 
  3.057576e+02  -7.666369e+01 
  3.074748e+02  -7.666661e+01 
  3.091919e+02  -7.667715e+01 
  3.109091e+02  -7.668263e+01 
  3.126263e+02  -7.665836e+01 
  3.143434e+02  -7.663932e+01 
  3.160606e+02  -7.663051e+01 
  3.177778e+02  -7.657346e+01 
  3.194950e+02  -7.649772e+01 
  3.212121e+02  -7.638871e+01 
  3.229293e+02  -7.619462e+01 
  3.246465e+02  -7.585553e+01 
  3.263636e+02  -7.463288e+01 
  3.280808e+02  -7.091673e+01 
  3.297980e+02  -8.140609e+01 
  3.315151e+02  -7.970398e+01 
  3.332323e+02  -7.762314e+01 
  3.349495e+02  -7.778345e+01 
  3.366667e+02  -7.758480e+01 
  3.383839e+02  -7.758318e+01 
  3.401010e+02  -7.762363e+01 
  3.418182e+02  -7.768693e+01 
  3.435353e+02  -7.772385e+01 
  3.452525e+02  -7.788314e+01 
  3.469697e+02  -7.841228e+01 
  3.486869e+02  -8.291153e+01 
  3.504041e+02  -7.589056e+01 
  3.521212e+02  -7.632018e+01 
  3.538384e+02  -7.675779e+01 
  3.555555e+02  -7.695683e+01 
  3.572727e+02  -7.698490e+01 
  3.589899e+02  -7.709080e+01 
  3.607071e+02  -7.712621e+01 
  3.624243e+02  -7.715076e+01 
  3.641414e+02  -7.721555e+01 
  3.658586e+02  -7.719122e+01 
  3.675757e+02  -7.717640e+01 
  3.692929e+02  -7.722520e+01 
  3.710101e+02  -7.723030e+01 
  3.727273e+02  -7.719724e+01 
  3.744445e+02  -7.675742e+01 
  3.761616e+02  -7.741227e+01 
  3.778788e+02  -7.745002e+01 
  3.795959e+02  -7.739465e+01 
  3.813131e+02  -7.741528e+01 
  3.830303e+02  -7.741994e+01 
  3.847475e+02  -7.745806e+01 
  3.864647e+02  -7.751484e+01 
  3.881818e+02  -7.754289e+01 
  3.898990e+02  -7.759943e+01 
  3.916161e+02  -7.767556e+01 
  3.933333e+02  -7.782858e+01 
  3.950505e+02  -7.806361e+01 
  3.967677e+02  -7.910545e+01 
  3.984849e+02  -7.572971e+01 
  4.002020e+02  -7.599939e+01 
  4.019192e+02  -7.664014e+01 
  4.036364e+02  -7.674364e+01 
  4.053535e+02  -7.703371e+01 
  4.070707e+02  -7.701667e+01 
  4.087879e+02  -7.705679e+01 
  4.105050e+02  -7.705178e+01 
  4.122222e+02  -7.695973e+01 
  4.139394e+02  -7.676979e+01 
  4.156566e+02  -7.490221e+01 
  4.173737e+02  -7.780587e+01 
  4.190909e+02  -7.784678e+01 
  4.208081e+02  -7.761452e+01 
  4.225252e+02  -7.765382e+01 
  4.242424e+02  -7.742054e+01 
  4.259596e+02  -7.756274e+01 
  4.276768e+02  -7.754234e+01 
  4.293940e+02  -7.757275e+01 
  4.311111e+02  -7.757355e+01 
  4.328283e+02  -7.757465e+01 
  4.345454e+02  -7.759383e+01 
  4.362626e+02  -7.758849e+01 
  4.379798e+02  -7.758678e+01 
  4.396970e+02  -7.758294e+01 
  4.414142e+02  -7.763857e+01 
  4.431313e+02  -7.759217e+01 
  4.448485e+02  -7.765907e+01 
  4.465656e+02  -7.764441e+01 
  4.482828e+02  -7.766798e+01 
  4.500000e+02  -7.778549e+01 