  1.000000e+01  -8.737778e+01 
  1.212121e+01  -8.528860e+01 
  1.424242e+01  -8.396811e+01 
  1.636364e+01  -8.209035e+01 
  1.848485e+01  -8.067715e+01 
  2.060606e+01  -7.947581e+01 
  2.272727e+01  -7.949434e+01 
  2.484848e+01  -7.849648e+01 
  2.696970e+01  -7.737442e+01 
  2.909091e+01  -7.559641e+01 
  3.121212e+01  -7.304464e+01 
  3.333333e+01  -6.707488e+01 
  3.545454e+01  -6.104745e+01 
  3.757576e+01  -7.653443e+01 
  3.969697e+01  -8.331081e+01 
  4.181818e+01  -8.897070e+01 
  4.393939e+01  -8.471037e+01 
  4.606061e+01  -8.232610e+01 
  4.818182e+01  -8.297964e+01 
  5.030303e+01  -7.829155e+01 
  5.242424e+01  -8.074083e+01 
  5.454546e+01  -8.057796e+01 
  5.666667e+01  -8.058671e+01 
  5.878788e+01  -8.059718e+01 
  6.090909e+01  -8.064748e+01 
  6.303030e+01  -8.091651e+01 
  6.515151e+01  -8.130212e+01 
  6.727273e+01  -8.269234e+01 
  6.939394e+01  -8.368547e+01 
  7.151515e+01  -6.244630e+01 
  7.363636e+01  -6.631590e+01 
  7.575758e+01  -7.395526e+01 
  7.787878e+01  -7.459265e+01 
  8.000000e+01  -7.563843e+01 
  8.212122e+01  -7.548714e+01 
  8.424242e+01  -7.622168e+01 
  8.636364e+01  -7.597068e+01 
  8.848485e+01  -7.621976e+01 
  9.060606e+01  -7.611288e+01 
  9.272727e+01  -7.618157e+01 
  9.484849e+01  -7.618494e+01 
  9.696970e+01  -7.617103e+01 
  9.909091e+01  -7.620279e+01 
  1.012121e+02  -7.601041e+01 
  1.033333e+02  -7.581385e+01 
  1.054545e+02  -7.499922e+01 
  1.075758e+02  -7.993207e+01 
  1.096970e+02  -7.741010e+01 
  1.118182e+02  -7.714027e+01 
  1.139394e+02  -7.694833e+01 
  1.160606e+02  -7.701639e+01 
  1.181818e+02  -7.701948e+01 
  1.203030e+02  -7.710728e+01 
  1.224242e+02  -7.714536e+01 
  1.245455e+02  -7.737634e+01 
  1.266667e+02  -7.749820e+01 
  1.287879e+02  -7.787735e+01 
  1.309091e+02  -7.853149e+01 
  1.330303e+02  -8.078689e+01 
  1.351515e+02  -8.112263e+01 
  1.372727e+02  -6.776071e+01 
  1.393939e+02  -6.810944e+01 
  1.415152e+02  -7.458479e+01 
  1.436364e+02  -7.485415e+01 
  1.457576e+02  -7.392403e+01 
  1.478788e+02  -7.496622e+01 
  1.500000e+02  -7.761799e+01 
  1.521212e+02  -7.553177e+01 
  1.542424e+02  -7.520829e+01 
  1.563636e+02  -7.541920e+01 
  1.584848e+02  -7.554810e+01 
  1.606061e+02  -7.579813e+01 
  1.627273e+02  -7.666612e+01 
  1.648485e+02  -7.565763e+01 
  1.669697e+02  -7.580403e+01 
  1.690909e+02  -7.579975e+01 
  1.712121e+02  -7.594405e+01 
  1.733333e+02  -7.615090e+01 
  1.754545e+02  -7.667665e+01 
  1.775758e+02  -7.456412e+01 
  1.796970e+02  -7.579408e+01 
  1.818182e+02  -7.577823e+01 
  1.839394e+02  -7.585661e+01 
  1.860606e+02  -7.590418e+01 
  1.881818e+02  -7.596911e+01 
  1.903030e+02  -7.600401e+01 
  1.924242e+02  -7.606455e+01 
  1.945455e+02  -7.608665e+01 
  1.966667e+02  -7.610637e+01 
  1.987879e+02  -7.614717e+01 
  2.009091e+02  -7.617492e+01 
  2.030303e+02  -7.622573e+01 
  2.051515e+02  -7.623460e+01 
  2.072727e+02  -7.618145e+01 
  2.093939e+02  -7.622469e+01 
  2.115152e+02  -7.629013e+01 
  2.136364e+02  -7.629024e+01 
  2.157576e+02  -7.637634e+01 
  2.178788e+02  -7.633099e+01 
  2.200000e+02  -7.644807e+01 