1.000E+3	3.528E-1	1.051E-4	2.980E-4	8.048E+1
1.020E+3	3.527E-1	1.073E-4	3.042E-4	8.029E+1
1.040E+3	3.526E-1	1.094E-4	3.104E-4	8.005E+1
1.060E+3	3.524E-1	1.116E-4	3.167E-4	7.984E+1
1.080E+3	3.523E-1	1.138E-4	3.231E-4	7.967E+1
1.100E+3	3.521E-1	1.159E-4	3.292E-4	7.945E+1
1.120E+3	3.520E-1	1.182E-4	3.357E-4	7.923E+1
1.140E+3	3.519E-1	1.204E-4	3.420E-4	7.903E+1
1.160E+3	3.517E-1	1.225E-4	3.483E-4	7.880E+1
1.180E+3	3.516E-1	1.247E-4	3.546E-4	7.861E+1
1.200E+3	3.514E-1	1.269E-4	3.612E-4	7.839E+1
1.220E+3	3.512E-1	1.291E-4	3.675E-4	7.820E+1
1.240E+3	3.511E-1	1.313E-4	3.740E-4	7.798E+1
1.260E+3	3.509E-1	1.334E-4	3.803E-4	7.776E+1
1.280E+3	3.507E-1	1.357E-4	3.869E-4	7.754E+1
1.300E+3	3.506E-1	1.379E-4	3.934E-4	7.732E+1
1.320E+3	3.504E-1	1.402E-4	4.000E-4	7.710E+1
1.340E+3	3.502E-1	1.424E-4	4.065E-4	7.690E+1
1.360E+3	3.501E-1	1.445E-4	4.129E-4	7.668E+1
1.380E+3	3.499E-1	1.469E-4	4.197E-4	7.646E+1
1.400E+3	3.497E-1	1.491E-4	4.264E-4	7.626E+1
1.420E+3	3.495E-1	1.514E-4	4.331E-4	7.604E+1
1.440E+3	3.493E-1	1.536E-4	4.398E-4	7.582E+1
1.460E+3	3.491E-1	1.558E-4	4.464E-4	7.559E+1
1.480E+3	3.489E-1	1.581E-4	4.531E-4	7.537E+1
1.500E+3	3.487E-1	1.604E-4	4.600E-4	7.516E+1
1.520E+3	3.485E-1	1.627E-4	4.667E-4	7.492E+1
1.540E+3	3.483E-1	1.649E-4	4.736E-4	7.469E+1
1.560E+3	3.481E-1	1.672E-4	4.804E-4	7.446E+1
1.580E+3	3.479E-1	1.695E-4	4.874E-4	7.423E+1
1.600E+3	3.476E-1	1.718E-4	4.942E-4	7.400E+1
1.620E+3	3.474E-1	1.741E-4	5.012E-4	7.377E+1
1.640E+3	3.472E-1	1.764E-4	5.081E-4	7.353E+1
1.660E+3	3.469E-1	1.787E-4	5.151E-4	7.330E+1
1.680E+3	3.467E-1	1.811E-4	5.223E-4	7.305E+1
1.700E+3	3.465E-1	1.834E-4	5.293E-4	7.282E+1
1.720E+3	3.463E-1	1.858E-4	5.365E-4	7.258E+1
1.740E+3	3.460E-1	1.881E-4	5.435E-4	7.234E+1
1.760E+3	3.457E-1	1.904E-4	5.507E-4	7.210E+1
1.780E+3	3.455E-1	1.928E-4	5.579E-4	7.185E+1
1.800E+3	3.452E-1	1.951E-4	5.651E-4	7.162E+1
1.820E+3	3.450E-1	1.974E-4	5.723E-4	7.136E+1
1.840E+3	3.447E-1	1.998E-4	5.797E-4	7.112E+1
1.860E+3	3.444E-1	2.022E-4	5.870E-4	7.086E+1
1.880E+3	3.441E-1	2.046E-4	5.945E-4	7.062E+1
1.900E+3	3.439E-1	2.070E-4	6.019E-4	7.036E+1
1.920E+3	3.436E-1	2.094E-4	6.092E-4	7.012E+1
1.940E+3	3.433E-1	2.118E-4	6.169E-4	6.985E+1
1.960E+3	3.431E-1	2.142E-4	6.243E-4	6.960E+1
1.980E+3	3.427E-1	2.166E-4	6.320E-4	6.932E+1
2.000E+3	3.425E-1	2.190E-4	6.396E-4	6.908E+1
2.020E+3	3.421E-1	2.215E-4	6.473E-4	6.881E+1
2.040E+3	3.418E-1	2.238E-4	6.548E-4	6.854E+1
2.060E+3	3.415E-1	2.263E-4	6.627E-4	6.828E+1
2.080E+3	3.412E-1	2.287E-4	6.704E-4	6.801E+1
2.100E+3	3.409E-1	2.312E-4	6.782E-4	6.773E+1
2.120E+3	3.406E-1	2.337E-4	6.861E-4	6.746E+1
2.140E+3	3.403E-1	2.362E-4	6.941E-4	6.717E+1
2.160E+3	3.399E-1	2.387E-4	7.022E-4	6.690E+1
2.180E+3	3.396E-1	2.411E-4	7.101E-4	6.663E+1
2.200E+3	3.392E-1	2.436E-4	7.182E-4	6.634E+1
2.220E+3	3.389E-1	2.461E-4	7.264E-4	6.606E+1
2.240E+3	3.385E-1	2.487E-4	7.347E-4	6.576E+1
2.260E+3	3.382E-1	2.512E-4	7.428E-4	6.548E+1
2.280E+3	3.378E-1	2.538E-4	7.513E-4	6.518E+1
2.300E+3	3.375E-1	2.563E-4	7.595E-4	6.488E+1
2.320E+3	3.371E-1	2.589E-4	7.680E-4	6.459E+1
2.340E+3	3.367E-1	2.615E-4	7.766E-4	6.428E+1
2.360E+3	3.363E-1	2.640E-4	7.851E-4	6.397E+1
2.380E+3	3.359E-1	2.667E-4	7.939E-4	6.365E+1
2.400E+3	3.355E-1	2.693E-4	8.026E-4	6.335E+1
2.420E+3	3.351E-1	2.719E-4	8.113E-4	6.303E+1
2.440E+3	3.347E-1	2.745E-4	8.202E-4	6.272E+1
2.460E+3	3.343E-1	2.772E-4	8.292E-4	6.239E+1
2.480E+3	3.339E-1	2.799E-4	8.383E-4	6.206E+1
2.500E+3	3.334E-1	2.826E-4	8.474E-4	6.173E+1
2.520E+3	3.330E-1	2.853E-4	8.567E-4	6.138E+1
2.540E+3	3.325E-1	2.880E-4	8.660E-4	6.105E+1
2.560E+3	3.321E-1	2.908E-4	8.757E-4	6.070E+1
2.580E+3	3.316E-1	2.935E-4	8.851E-4	6.033E+1
2.600E+3	3.311E-1	2.962E-4	8.946E-4	5.998E+1
2.620E+3	3.306E-1	2.991E-4	9.048E-4	5.961E+1
2.640E+3	3.301E-1	3.019E-4	9.145E-4	5.923E+1
2.660E+3	3.297E-1	3.049E-4	9.248E-4	5.885E+1
2.680E+3	3.292E-1	3.078E-4	9.350E-4	5.845E+1
2.700E+3	3.286E-1	3.107E-4	9.455E-4	5.805E+1
2.720E+3	3.281E-1	3.137E-4	9.562E-4	5.764E+1
2.740E+3	3.275E-1	3.168E-4	9.672E-4	5.721E+1
2.760E+3	3.269E-1	3.199E-4	9.785E-4	5.676E+1
2.780E+3	3.263E-1	3.231E-4	9.900E-4	5.631E+1
2.800E+3	3.257E-1	3.263E-4	1.002E-3	5.582E+1
2.820E+3	3.250E-1	3.296E-4	1.014E-3	5.532E+1
2.840E+3	3.243E-1	3.330E-4	1.027E-3	5.479E+1
2.860E+3	3.236E-1	3.367E-4	1.040E-3	5.422E+1
2.880E+3	3.229E-1	3.405E-4	1.055E-3	5.362E+1
2.900E+3	3.220E-1	3.444E-4	1.069E-3	5.295E+1
2.920E+3	3.211E-1	3.486E-4	1.086E-3	5.220E+1
2.940E+3	3.200E-1	3.531E-4	1.103E-3	5.134E+1
2.960E+3	3.188E-1	3.580E-4	1.123E-3	5.032E+1
2.980E+3	3.174E-1	3.637E-4	1.146E-3	4.902E+1
3.000E+3	3.155E-1	3.701E-4	1.173E-3	4.715E+1
3.020E+3	3.125E-1	3.774E-4	1.208E-3	4.362E+1
3.040E+3	3.127E-1	3.095E-4	9.896E-4	2.428E+1
3.060E+3	3.223E-1	2.435E-4	7.556E-4	2.574E+1
3.080E+3	3.275E-1	2.189E-4	6.685E-4	3.325E+1
3.100E+3	3.305E-1	2.147E-4	6.497E-4	4.105E+1
3.120E+3	3.319E-1	2.217E-4	6.678E-4	4.719E+1
3.140E+3	3.324E-1	2.337E-4	7.032E-4	5.134E+1
3.160E+3	3.322E-1	2.477E-4	7.457E-4	5.386E+1
3.180E+3	3.315E-1	2.616E-4	7.890E-4	5.525E+1
3.200E+3	3.306E-1	2.747E-4	8.309E-4	5.587E+1
3.220E+3	3.295E-1	2.866E-4	8.699E-4	5.601E+1
3.240E+3	3.284E-1	2.974E-4	9.054E-4	5.581E+1
3.260E+3	3.273E-1	3.068E-4	9.375E-4	5.544E+1
3.280E+3	3.262E-1	3.152E-4	9.665E-4	5.496E+1
3.300E+3	3.251E-1	3.227E-4	9.928E-4	5.441E+1
3.320E+3	3.240E-1	3.295E-4	1.017E-3	5.381E+1
3.340E+3	3.230E-1	3.356E-4	1.039E-3	5.322E+1
3.360E+3	3.220E-1	3.412E-4	1.059E-3	5.262E+1
3.380E+3	3.211E-1	3.463E-4	1.078E-3	5.202E+1
3.400E+3	3.202E-1	3.509E-4	1.096E-3	5.144E+1
3.420E+3	3.194E-1	3.553E-4	1.113E-3	5.085E+1
3.440E+3	3.186E-1	3.596E-4	1.128E-3	5.029E+1
3.460E+3	3.178E-1	3.634E-4	1.143E-3	4.973E+1
3.480E+3	3.171E-1	3.671E-4	1.158E-3	4.919E+1
3.500E+3	3.163E-1	3.706E-4	1.172E-3	4.864E+1
3.520E+3	3.156E-1	3.740E-4	1.185E-3	4.812E+1
3.540E+3	3.149E-1	3.772E-4	1.198E-3	4.759E+1
3.560E+3	3.142E-1	3.804E-4	1.211E-3	4.707E+1
3.580E+3	3.135E-1	3.834E-4	1.223E-3	4.654E+1
3.600E+3	3.129E-1	3.864E-4	1.235E-3	4.605E+1
3.620E+3	3.122E-1	3.893E-4	1.247E-3	4.553E+1
3.640E+3	3.116E-1	3.921E-4	1.258E-3	4.503E+1
3.660E+3	3.109E-1	3.948E-4	1.270E-3	4.452E+1
3.680E+3	3.103E-1	3.974E-4	1.281E-3	4.402E+1
3.700E+3	3.097E-1	4.001E-4	1.292E-3	4.352E+1
3.720E+3	3.090E-1	4.026E-4	1.303E-3	4.303E+1
3.740E+3	3.084E-1	4.051E-4	1.313E-3	4.253E+1
3.760E+3	3.078E-1	4.076E-4	1.324E-3	4.204E+1
3.780E+3	3.072E-1	4.099E-4	1.334E-3	4.154E+1
3.800E+3	3.066E-1	4.123E-4	1.345E-3	4.105E+1
3.820E+3	3.061E-1	4.147E-4	1.355E-3	4.055E+1
3.840E+3	3.055E-1	4.170E-4	1.365E-3	4.005E+1
3.860E+3	3.049E-1	4.192E-4	1.375E-3	3.956E+1
3.880E+3	3.043E-1	4.214E-4	1.385E-3	3.907E+1
3.900E+3	3.037E-1	4.236E-4	1.395E-3	3.857E+1
3.920E+3	3.032E-1	4.257E-4	1.404E-3	3.807E+1
3.940E+3	3.026E-1	4.278E-4	1.414E-3	3.757E+1
3.960E+3	3.021E-1	4.299E-4	1.423E-3	3.707E+1
3.980E+3	3.015E-1	4.319E-4	1.432E-3	3.657E+1
4.000E+3	3.010E-1	4.340E-4	1.442E-3	3.607E+1
4.020E+3	3.005E-1	4.359E-4	1.451E-3	3.556E+1
4.040E+3	2.999E-1	4.379E-4	1.460E-3	3.506E+1
4.060E+3	2.994E-1	4.398E-4	1.469E-3	3.455E+1
4.080E+3	2.989E-1	4.417E-4	1.478E-3	3.404E+1
4.100E+3	2.983E-1	4.435E-4	1.487E-3	3.354E+1
4.120E+3	2.978E-1	4.453E-4	1.495E-3	3.303E+1
4.140E+3	2.973E-1	4.471E-4	1.504E-3	3.252E+1
4.160E+3	2.968E-1	4.488E-4	1.512E-3	3.201E+1
4.180E+3	2.963E-1	4.506E-4	1.521E-3	3.149E+1
4.200E+3	2.959E-1	4.524E-4	1.529E-3	3.099E+1
4.220E+3	2.954E-1	4.540E-4	1.537E-3	3.047E+1
4.240E+3	2.949E-1	4.557E-4	1.545E-3	2.995E+1
4.260E+3	2.944E-1	4.573E-4	1.553E-3	2.943E+1
4.280E+3	2.940E-1	4.589E-4	1.561E-3	2.892E+1
4.300E+3	2.935E-1	4.604E-4	1.569E-3	2.839E+1
4.320E+3	2.930E-1	4.619E-4	1.576E-3	2.788E+1
4.340E+3	2.926E-1	4.634E-4	1.584E-3	2.735E+1
4.360E+3	2.921E-1	4.648E-4	1.591E-3	2.683E+1
4.380E+3	2.917E-1	4.663E-4	1.598E-3	2.630E+1
4.400E+3	2.913E-1	4.677E-4	1.606E-3	2.578E+1
4.420E+3	2.909E-1	4.691E-4	1.613E-3	2.525E+1
4.440E+3	2.905E-1	4.704E-4	1.619E-3	2.472E+1
4.460E+3	2.901E-1	4.718E-4	1.626E-3	2.419E+1
4.480E+3	2.897E-1	4.730E-4	1.633E-3	2.367E+1
4.500E+3	2.893E-1	4.742E-4	1.639E-3	2.314E+1
4.520E+3	2.889E-1	4.754E-4	1.646E-3	2.260E+1
4.540E+3	2.885E-1	4.766E-4	1.652E-3	2.207E+1
4.560E+3	2.882E-1	4.778E-4	1.658E-3	2.154E+1
4.580E+3	2.879E-1	4.790E-4	1.664E-3	2.101E+1
4.600E+3	2.875E-1	4.800E-4	1.670E-3	2.047E+1
4.620E+3	2.871E-1	4.811E-4	1.675E-3	1.994E+1
4.640E+3	2.868E-1	4.821E-4	1.681E-3	1.941E+1
4.660E+3	2.865E-1	4.831E-4	1.686E-3	1.887E+1
4.680E+3	2.862E-1	4.841E-4	1.692E-3	1.834E+1
4.700E+3	2.859E-1	4.850E-4	1.697E-3	1.780E+1
4.720E+3	2.856E-1	4.859E-4	1.701E-3	1.727E+1
4.740E+3	2.853E-1	4.868E-4	1.706E-3	1.672E+1
4.760E+3	2.850E-1	4.877E-4	1.711E-3	1.619E+1
4.780E+3	2.848E-1	4.885E-4	1.716E-3	1.566E+1
4.800E+3	2.845E-1	4.894E-4	1.720E-3	1.513E+1
4.820E+3	2.843E-1	4.901E-4	1.724E-3	1.459E+1
4.840E+3	2.840E-1	4.908E-4	1.728E-3	1.406E+1
4.860E+3	2.838E-1	4.915E-4	1.732E-3	1.352E+1
4.880E+3	2.836E-1	4.922E-4	1.736E-3	1.299E+1
4.900E+3	2.833E-1	4.928E-4	1.739E-3	1.246E+1
4.920E+3	2.831E-1	4.934E-4	1.743E-3	1.193E+1
4.940E+3	2.829E-1	4.940E-4	1.746E-3	1.139E+1
4.960E+3	2.828E-1	4.947E-4	1.749E-3	1.086E+1
4.980E+3	2.826E-1	4.952E-4	1.752E-3	1.033E+1
5.000E+3	2.824E-1	4.957E-4	1.755E-3	9.800E+0
5.020E+3	2.823E-1	4.961E-4	1.757E-3	9.262E+0
5.040E+3	2.821E-1	4.965E-4	1.760E-3	8.741E+0
5.060E+3	2.820E-1	4.970E-4	1.762E-3	8.213E+0
5.080E+3	2.818E-1	4.973E-4	1.765E-3	7.686E+0
5.100E+3	2.817E-1	4.977E-4	1.767E-3	7.162E+0
5.120E+3	2.816E-1	4.980E-4	1.768E-3	6.643E+0
5.140E+3	2.815E-1	4.983E-4	1.770E-3	6.115E+0
5.160E+3	2.814E-1	4.986E-4	1.772E-3	5.595E+0
5.180E+3	2.813E-1	4.989E-4	1.773E-3	5.077E+0
5.200E+3	2.813E-1	4.991E-4	1.775E-3	4.558E+0
5.220E+3	2.812E-1	4.993E-4	1.776E-3	4.044E+0
5.240E+3	2.811E-1	4.995E-4	1.777E-3	3.529E+0
5.260E+3	2.811E-1	4.996E-4	1.777E-3	3.018E+0
5.280E+3	2.810E-1	4.997E-4	1.778E-3	2.502E+0
5.300E+3	2.810E-1	4.998E-4	1.779E-3	1.999E+0
5.320E+3	2.810E-1	4.999E-4	1.779E-3	1.488E+0
5.340E+3	2.810E-1	5.000E-4	1.779E-3	9.755E-1
5.360E+3	2.810E-1	4.999E-4	1.779E-3	4.760E-1
5.380E+3	2.810E-1	5.000E-4	1.779E-3	-2.448E-2
5.400E+3	2.810E-1	4.999E-4	1.779E-3	-5.226E-1
5.420E+3	2.810E-1	4.999E-4	1.779E-3	-1.019E+0
5.440E+3	2.810E-1	4.998E-4	1.778E-3	-1.516E+0
5.460E+3	2.810E-1	4.997E-4	1.778E-3	-2.007E+0
5.480E+3	2.811E-1	4.996E-4	1.777E-3	-2.498E+0
5.500E+3	2.811E-1	4.994E-4	1.777E-3	-2.989E+0
5.520E+3	2.812E-1	4.992E-4	1.776E-3	-3.479E+0
5.540E+3	2.813E-1	4.991E-4	1.775E-3	-3.962E+0
5.560E+3	2.813E-1	4.989E-4	1.774E-3	-4.439E+0
5.580E+3	2.814E-1	4.987E-4	1.772E-3	-4.917E+0
5.600E+3	2.815E-1	4.984E-4	1.771E-3	-5.400E+0
5.620E+3	2.816E-1	4.981E-4	1.769E-3	-5.869E+0
5.640E+3	2.816E-1	4.978E-4	1.768E-3	-6.346E+0
5.660E+3	2.817E-1	4.976E-4	1.766E-3	-6.805E+0
5.680E+3	2.818E-1	4.972E-4	1.764E-3	-7.276E+0
5.700E+3	2.820E-1	4.968E-4	1.762E-3	-7.742E+0
5.720E+3	2.821E-1	4.966E-4	1.760E-3	-8.207E+0
5.740E+3	2.822E-1	4.962E-4	1.758E-3	-8.665E+0
5.760E+3	2.824E-1	4.957E-4	1.756E-3	-9.118E+0
5.780E+3	2.825E-1	4.953E-4	1.753E-3	-9.573E+0
5.800E+3	2.826E-1	4.948E-4	1.751E-3	-1.002E+1
5.820E+3	2.828E-1	4.944E-4	1.748E-3	-1.047E+1
5.840E+3	2.829E-1	4.939E-4	1.746E-3	-1.091E+1
5.860E+3	2.831E-1	4.934E-4	1.743E-3	-1.135E+1
5.880E+3	2.832E-1	4.929E-4	1.740E-3	-1.179E+1
5.900E+3	2.834E-1	4.924E-4	1.737E-3	-1.222E+1
5.920E+3	2.836E-1	4.919E-4	1.734E-3	-1.266E+1
5.940E+3	2.838E-1	4.913E-4	1.731E-3	-1.309E+1
5.960E+3	2.840E-1	4.908E-4	1.728E-3	-1.352E+1
5.980E+3	2.842E-1	4.902E-4	1.725E-3	-1.394E+1
6.000E+3	2.844E-1	4.896E-4	1.722E-3	-1.437E+1
6.020E+3	2.845E-1	4.890E-4	1.718E-3	-1.478E+1
6.040E+3	2.847E-1	4.883E-4	1.715E-3	-1.519E+1
6.060E+3	2.849E-1	4.877E-4	1.712E-3	-1.561E+1
6.080E+3	2.851E-1	4.870E-4	1.708E-3	-1.602E+1
6.100E+3	2.854E-1	4.865E-4	1.705E-3	-1.642E+1
6.120E+3	2.856E-1	4.857E-4	1.701E-3	-1.682E+1
6.140E+3	2.858E-1	4.851E-4	1.697E-3	-1.723E+1
6.160E+3	2.860E-1	4.844E-4	1.693E-3	-1.763E+1
6.180E+3	2.863E-1	4.837E-4	1.690E-3	-1.803E+1
6.200E+3	2.865E-1	4.829E-4	1.686E-3	-1.841E+1
6.220E+3	2.867E-1	4.822E-4	1.682E-3	-1.880E+1
6.240E+3	2.869E-1	4.814E-4	1.678E-3	-1.918E+1
6.260E+3	2.872E-1	4.807E-4	1.674E-3	-1.957E+1
6.280E+3	2.874E-1	4.799E-4	1.670E-3	-1.994E+1
6.300E+3	2.877E-1	4.792E-4	1.666E-3	-2.033E+1
6.320E+3	2.879E-1	4.784E-4	1.662E-3	-2.070E+1
6.340E+3	2.882E-1	4.777E-4	1.657E-3	-2.108E+1
6.360E+3	2.884E-1	4.768E-4	1.653E-3	-2.144E+1
6.380E+3	2.887E-1	4.760E-4	1.649E-3	-2.180E+1
6.400E+3	2.889E-1	4.751E-4	1.644E-3	-2.217E+1
6.420E+3	2.892E-1	4.744E-4	1.640E-3	-2.252E+1
6.440E+3	2.894E-1	4.735E-4	1.636E-3	-2.289E+1
6.460E+3	2.897E-1	4.727E-4	1.632E-3	-2.324E+1
6.480E+3	2.900E-1	4.719E-4	1.627E-3	-2.359E+1
6.500E+3	2.902E-1	4.711E-4	1.623E-3	-2.394E+1
6.520E+3	2.905E-1	4.702E-4	1.618E-3	-2.429E+1
6.540E+3	2.908E-1	4.693E-4	1.614E-3	-2.463E+1
6.560E+3	2.910E-1	4.685E-4	1.610E-3	-2.497E+1
6.580E+3	2.913E-1	4.676E-4	1.605E-3	-2.531E+1
6.600E+3	2.916E-1	4.667E-4	1.601E-3	-2.564E+1
6.620E+3	2.918E-1	4.657E-4	1.596E-3	-2.597E+1
6.640E+3	2.921E-1	4.648E-4	1.592E-3	-2.630E+1
6.660E+3	2.923E-1	4.639E-4	1.587E-3	-2.663E+1
6.680E+3	2.926E-1	4.631E-4	1.582E-3	-2.695E+1
6.700E+3	2.929E-1	4.620E-4	1.578E-3	-2.728E+1
6.720E+3	2.932E-1	4.612E-4	1.573E-3	-2.759E+1
6.740E+3	2.934E-1	4.602E-4	1.568E-3	-2.791E+1
6.760E+3	2.937E-1	4.593E-4	1.564E-3	-2.822E+1
6.780E+3	2.939E-1	4.583E-4	1.559E-3	-2.853E+1
6.800E+3	2.942E-1	4.574E-4	1.555E-3	-2.884E+1
6.820E+3	2.945E-1	4.564E-4	1.550E-3	-2.915E+1
6.840E+3	2.947E-1	4.554E-4	1.545E-3	-2.945E+1
6.860E+3	2.950E-1	4.545E-4	1.541E-3	-2.975E+1
6.880E+3	2.953E-1	4.536E-4	1.536E-3	-3.005E+1
6.900E+3	2.956E-1	4.526E-4	1.531E-3	-3.035E+1
6.920E+3	2.958E-1	4.516E-4	1.527E-3	-3.064E+1
6.940E+3	2.961E-1	4.507E-4	1.522E-3	-3.092E+1
6.960E+3	2.964E-1	4.497E-4	1.518E-3	-3.122E+1
6.980E+3	2.966E-1	4.487E-4	1.513E-3	-3.151E+1
7.000E+3	2.969E-1	4.478E-4	1.508E-3	-3.178E+1
7.020E+3	2.972E-1	4.468E-4	1.503E-3	-3.207E+1
7.040E+3	2.974E-1	4.458E-4	1.499E-3	-3.236E+1
7.060E+3	2.978E-1	4.449E-4	1.494E-3	-3.262E+1
7.080E+3	2.980E-1	4.439E-4	1.489E-3	-3.290E+1
7.100E+3	2.984E-1	4.430E-4	1.485E-3	-3.318E+1
7.120E+3	2.986E-1	4.421E-4	1.480E-3	-3.344E+1
7.140E+3	2.989E-1	4.410E-4	1.475E-3	-3.371E+1
7.160E+3	2.992E-1	4.401E-4	1.471E-3	-3.398E+1
7.180E+3	2.994E-1	4.391E-4	1.466E-3	-3.424E+1
7.200E+3	2.997E-1	4.381E-4	1.462E-3	-3.449E+1
7.220E+3	2.999E-1	4.370E-4	1.457E-3	-3.476E+1
7.240E+3	3.003E-1	4.362E-4	1.452E-3	-3.501E+1
7.260E+3	3.006E-1	4.352E-4	1.448E-3	-3.526E+1
7.280E+3	3.008E-1	4.342E-4	1.443E-3	-3.552E+1
7.300E+3	3.011E-1	4.332E-4	1.439E-3	-3.577E+1
7.320E+3	3.014E-1	4.323E-4	1.434E-3	-3.602E+1
7.340E+3	3.016E-1	4.313E-4	1.430E-3	-3.626E+1
7.360E+3	3.019E-1	4.303E-4	1.425E-3	-3.651E+1
7.380E+3	3.022E-1	4.293E-4	1.421E-3	-3.675E+1
7.400E+3	3.024E-1	4.283E-4	1.416E-3	-3.699E+1
7.420E+3	3.027E-1	4.273E-4	1.412E-3	-3.722E+1
7.440E+3	3.030E-1	4.264E-4	1.407E-3	-3.746E+1
7.460E+3	3.032E-1	4.254E-4	1.403E-3	-3.769E+1
7.480E+3	3.035E-1	4.244E-4	1.398E-3	-3.792E+1
7.500E+3	3.037E-1	4.234E-4	1.394E-3	-3.816E+1
7.520E+3	3.040E-1	4.224E-4	1.389E-3	-3.839E+1
7.540E+3	3.043E-1	4.214E-4	1.385E-3	-3.861E+1
7.560E+3	3.045E-1	4.204E-4	1.381E-3	-3.884E+1
7.580E+3	3.048E-1	4.194E-4	1.376E-3	-3.905E+1
7.600E+3	3.050E-1	4.185E-4	1.372E-3	-3.928E+1
7.620E+3	3.053E-1	4.176E-4	1.368E-3	-3.950E+1
7.640E+3	3.056E-1	4.166E-4	1.363E-3	-3.972E+1
7.660E+3	3.058E-1	4.156E-4	1.359E-3	-3.994E+1
7.680E+3	3.061E-1	4.146E-4	1.355E-3	-4.015E+1
7.700E+3	3.063E-1	4.137E-4	1.351E-3	-4.037E+1
7.720E+3	3.065E-1	4.126E-4	1.346E-3	-4.057E+1
7.740E+3	3.068E-1	4.117E-4	1.342E-3	-4.079E+1
7.760E+3	3.070E-1	4.107E-4	1.338E-3	-4.099E+1
7.780E+3	3.073E-1	4.097E-4	1.333E-3	-4.119E+1
7.800E+3	3.075E-1	4.088E-4	1.329E-3	-4.140E+1
7.820E+3	3.078E-1	4.079E-4	1.325E-3	-4.160E+1
7.840E+3	3.080E-1	4.069E-4	1.321E-3	-4.180E+1
7.860E+3	3.083E-1	4.059E-4	1.317E-3	-4.200E+1
7.880E+3	3.085E-1	4.050E-4	1.313E-3	-4.220E+1
7.900E+3	3.087E-1	4.040E-4	1.309E-3	-4.240E+1
7.920E+3	3.090E-1	4.030E-4	1.304E-3	-4.259E+1
7.940E+3	3.092E-1	4.021E-4	1.300E-3	-4.278E+1
7.960E+3	3.094E-1	4.011E-4	1.296E-3	-4.297E+1
7.980E+3	3.097E-1	4.001E-4	1.292E-3	-4.317E+1
8.000E+3	3.099E-1	3.993E-4	1.288E-3	-4.335E+1
8.020E+3	3.102E-1	3.983E-4	1.284E-3	-4.354E+1
8.040E+3	3.104E-1	3.974E-4	1.280E-3	-4.372E+1
8.060E+3	3.106E-1	3.964E-4	1.276E-3	-4.390E+1
8.080E+3	3.108E-1	3.955E-4	1.272E-3	-4.409E+1
8.100E+3	3.111E-1	3.945E-4	1.268E-3	-4.427E+1
8.120E+3	3.113E-1	3.936E-4	1.265E-3	-4.446E+1
8.140E+3	3.115E-1	3.926E-4	1.260E-3	-4.463E+1
8.160E+3	3.117E-1	3.917E-4	1.257E-3	-4.481E+1
8.180E+3	3.119E-1	3.908E-4	1.253E-3	-4.499E+1
8.200E+3	3.122E-1	3.899E-4	1.249E-3	-4.516E+1
8.220E+3	3.124E-1	3.889E-4	1.245E-3	-4.533E+1
8.240E+3	3.126E-1	3.880E-4	1.241E-3	-4.550E+1
8.260E+3	3.128E-1	3.871E-4	1.237E-3	-4.567E+1
8.280E+3	3.131E-1	3.862E-4	1.234E-3	-4.585E+1
8.300E+3	3.133E-1	3.853E-4	1.230E-3	-4.601E+1
8.320E+3	3.135E-1	3.844E-4	1.226E-3	-4.618E+1
8.340E+3	3.137E-1	3.834E-4	1.222E-3	-4.634E+1
8.360E+3	3.139E-1	3.825E-4	1.219E-3	-4.651E+1
8.380E+3	3.141E-1	3.817E-4	1.215E-3	-4.667E+1
8.400E+3	3.144E-1	3.808E-4	1.211E-3	-4.683E+1
8.420E+3	3.145E-1	3.799E-4	1.208E-3	-4.699E+1
8.440E+3	3.148E-1	3.790E-4	1.204E-3	-4.715E+1
8.460E+3	3.149E-1	3.781E-4	1.200E-3	-4.731E+1
8.480E+3	3.152E-1	3.772E-4	1.197E-3	-4.746E+1
8.500E+3	3.154E-1	3.763E-4	1.193E-3	-4.762E+1
8.520E+3	3.156E-1	3.754E-4	1.190E-3	-4.778E+1
8.540E+3	3.158E-1	3.745E-4	1.186E-3	-4.793E+1
8.560E+3	3.159E-1	3.736E-4	1.183E-3	-4.808E+1
8.580E+3	3.162E-1	3.729E-4	1.179E-3	-4.823E+1
8.600E+3	3.164E-1	3.719E-4	1.176E-3	-4.838E+1
8.620E+3	3.166E-1	3.711E-4	1.172E-3	-4.853E+1
8.640E+3	3.168E-1	3.702E-4	1.169E-3	-4.868E+1
8.660E+3	3.170E-1	3.693E-4	1.165E-3	-4.883E+1
8.680E+3	3.171E-1	3.684E-4	1.162E-3	-4.897E+1
8.700E+3	3.173E-1	3.676E-4	1.158E-3	-4.913E+1
8.720E+3	3.175E-1	3.667E-4	1.155E-3	-4.927E+1
8.740E+3	3.177E-1	3.658E-4	1.152E-3	-4.941E+1
8.760E+3	3.179E-1	3.650E-4	1.148E-3	-4.955E+1
8.780E+3	3.181E-1	3.642E-4	1.145E-3	-4.969E+1
8.800E+3	3.183E-1	3.633E-4	1.142E-3	-4.983E+1
8.820E+3	3.184E-1	3.624E-4	1.138E-3	-4.996E+1
8.840E+3	3.186E-1	3.616E-4	1.135E-3	-5.011E+1
8.860E+3	3.188E-1	3.607E-4	1.132E-3	-5.024E+1
8.880E+3	3.190E-1	3.599E-4	1.128E-3	-5.037E+1
8.900E+3	3.191E-1	3.591E-4	1.125E-3	-5.051E+1
8.920E+3	3.193E-1	3.582E-4	1.122E-3	-5.065E+1
8.940E+3	3.195E-1	3.574E-4	1.119E-3	-5.078E+1
8.960E+3	3.197E-1	3.566E-4	1.115E-3	-5.091E+1
8.980E+3	3.199E-1	3.558E-4	1.112E-3	-5.104E+1
9.000E+3	3.200E-1	3.550E-4	1.109E-3	-5.117E+1
9.020E+3	3.202E-1	3.541E-4	1.106E-3	-5.130E+1
9.040E+3	3.204E-1	3.533E-4	1.103E-3	-5.143E+1
9.060E+3	3.205E-1	3.525E-4	1.100E-3	-5.156E+1
9.080E+3	3.207E-1	3.517E-4	1.097E-3	-5.168E+1
9.100E+3	3.208E-1	3.508E-4	1.093E-3	-5.181E+1
9.120E+3	3.210E-1	3.501E-4	1.091E-3	-5.194E+1
9.140E+3	3.212E-1	3.493E-4	1.088E-3	-5.207E+1
9.160E+3	3.214E-1	3.485E-4	1.084E-3	-5.219E+1
9.180E+3	3.216E-1	3.477E-4	1.081E-3	-5.231E+1
9.200E+3	3.217E-1	3.469E-4	1.078E-3	-5.243E+1
9.220E+3	3.219E-1	3.462E-4	1.075E-3	-5.256E+1
9.240E+3	3.220E-1	3.453E-4	1.072E-3	-5.267E+1
9.260E+3	3.222E-1	3.446E-4	1.069E-3	-5.279E+1
9.280E+3	3.223E-1	3.438E-4	1.067E-3	-5.292E+1
9.300E+3	3.225E-1	3.430E-4	1.064E-3	-5.303E+1
9.320E+3	3.227E-1	3.423E-4	1.061E-3	-5.315E+1
9.340E+3	3.229E-1	3.415E-4	1.058E-3	-5.326E+1
9.360E+3	3.230E-1	3.408E-4	1.055E-3	-5.338E+1
9.380E+3	3.232E-1	3.399E-4	1.052E-3	-5.349E+1
9.400E+3	3.233E-1	3.392E-4	1.049E-3	-5.361E+1
9.420E+3	3.235E-1	3.384E-4	1.046E-3	-5.372E+1
9.440E+3	3.236E-1	3.376E-4	1.043E-3	-5.383E+1
9.460E+3	3.238E-1	3.369E-4	1.041E-3	-5.395E+1
9.480E+3	3.239E-1	3.362E-4	1.038E-3	-5.406E+1
9.500E+3	3.240E-1	3.354E-4	1.035E-3	-5.417E+1
9.520E+3	3.242E-1	3.347E-4	1.032E-3	-5.427E+1
9.540E+3	3.244E-1	3.340E-4	1.030E-3	-5.439E+1
9.560E+3	3.245E-1	3.332E-4	1.027E-3	-5.450E+1
9.580E+3	3.247E-1	3.325E-4	1.024E-3	-5.460E+1
9.600E+3	3.248E-1	3.318E-4	1.021E-3	-5.471E+1
9.620E+3	3.250E-1	3.311E-4	1.019E-3	-5.483E+1
9.640E+3	3.251E-1	3.303E-4	1.016E-3	-5.491E+1
9.660E+3	3.252E-1	3.295E-4	1.013E-3	-5.502E+1
9.680E+3	3.254E-1	3.288E-4	1.011E-3	-5.513E+1
9.700E+3	3.255E-1	3.281E-4	1.008E-3	-5.524E+1
9.720E+3	3.257E-1	3.274E-4	1.005E-3	-5.534E+1
9.740E+3	3.258E-1	3.267E-4	1.003E-3	-5.544E+1
9.760E+3	3.260E-1	3.260E-4	1.000E-3	-5.554E+1
9.780E+3	3.261E-1	3.253E-4	9.975E-4	-5.564E+1
9.800E+3	3.262E-1	3.245E-4	9.949E-4	-5.575E+1
9.820E+3	3.263E-1	3.239E-4	9.924E-4	-5.585E+1
9.840E+3	3.265E-1	3.231E-4	9.898E-4	-5.594E+1
9.860E+3	3.266E-1	3.224E-4	9.872E-4	-5.605E+1
9.880E+3	3.267E-1	3.217E-4	9.846E-4	-5.615E+1
9.900E+3	3.269E-1	3.211E-4	9.821E-4	-5.623E+1
9.920E+3	3.270E-1	3.204E-4	9.796E-4	-5.633E+1
9.940E+3	3.272E-1	3.197E-4	9.771E-4	-5.643E+1
9.960E+3	3.273E-1	3.190E-4	9.747E-4	-5.653E+1
9.980E+3	3.274E-1	3.183E-4	9.720E-4	-5.663E+1
1.000E+4	3.275E-1	3.176E-4	9.696E-4	-5.672E+1
1.002E+4	3.277E-1	3.169E-4	9.672E-4	-5.682E+1
