1.000E+3	3.527E-1	1.064E-4	3.017E-4	8.035E+1
1.020E+3	3.526E-1	1.086E-4	3.081E-4	8.014E+1
1.040E+3	3.524E-1	1.108E-4	3.145E-4	7.993E+1
1.060E+3	3.523E-1	1.130E-4	3.207E-4	7.974E+1
1.080E+3	3.521E-1	1.152E-4	3.270E-4	7.949E+1
1.100E+3	3.520E-1	1.173E-4	3.333E-4	7.931E+1
1.120E+3	3.518E-1	1.196E-4	3.398E-4	7.909E+1
1.140E+3	3.517E-1	1.217E-4	3.461E-4	7.888E+1
1.160E+3	3.516E-1	1.240E-4	3.526E-4	7.868E+1
1.180E+3	3.514E-1	1.262E-4	3.591E-4	7.846E+1
1.200E+3	3.513E-1	1.284E-4	3.655E-4	7.824E+1
1.220E+3	3.511E-1	1.306E-4	3.720E-4	7.804E+1
1.240E+3	3.509E-1	1.328E-4	3.785E-4	7.782E+1
1.260E+3	3.507E-1	1.350E-4	3.850E-4	7.761E+1
1.280E+3	3.506E-1	1.373E-4	3.916E-4	7.739E+1
1.300E+3	3.504E-1	1.395E-4	3.980E-4	7.718E+1
1.320E+3	3.503E-1	1.418E-4	4.047E-4	7.697E+1
1.340E+3	3.501E-1	1.441E-4	4.115E-4	7.675E+1
1.360E+3	3.499E-1	1.463E-4	4.181E-4	7.654E+1
1.380E+3	3.497E-1	1.485E-4	4.248E-4	7.630E+1
1.400E+3	3.495E-1	1.508E-4	4.315E-4	7.608E+1
1.420E+3	3.493E-1	1.530E-4	4.382E-4	7.584E+1
1.440E+3	3.491E-1	1.553E-4	4.449E-4	7.562E+1
1.460E+3	3.489E-1	1.576E-4	4.518E-4	7.542E+1
1.480E+3	3.487E-1	1.599E-4	4.585E-4	7.519E+1
1.500E+3	3.485E-1	1.622E-4	4.654E-4	7.495E+1
1.520E+3	3.483E-1	1.644E-4	4.721E-4	7.473E+1
1.540E+3	3.481E-1	1.668E-4	4.791E-4	7.450E+1
1.560E+3	3.479E-1	1.691E-4	4.860E-4	7.427E+1
1.580E+3	3.476E-1	1.714E-4	4.930E-4	7.404E+1
1.600E+3	3.474E-1	1.736E-4	4.996E-4	7.380E+1
1.620E+3	3.472E-1	1.759E-4	5.068E-4	7.358E+1
1.640E+3	3.469E-1	1.783E-4	5.138E-4	7.334E+1
1.660E+3	3.467E-1	1.806E-4	5.209E-4	7.311E+1
1.680E+3	3.465E-1	1.829E-4	5.280E-4	7.287E+1
1.700E+3	3.463E-1	1.853E-4	5.351E-4	7.263E+1
1.720E+3	3.460E-1	1.876E-4	5.421E-4	7.239E+1
1.740E+3	3.458E-1	1.899E-4	5.494E-4	7.216E+1
1.760E+3	3.455E-1	1.923E-4	5.567E-4	7.190E+1
1.780E+3	3.452E-1	1.946E-4	5.638E-4	7.167E+1
1.800E+3	3.450E-1	1.970E-4	5.710E-4	7.141E+1
1.820E+3	3.447E-1	1.994E-4	5.783E-4	7.116E+1
1.840E+3	3.444E-1	2.017E-4	5.857E-4	7.092E+1
1.860E+3	3.442E-1	2.041E-4	5.930E-4	7.066E+1
1.880E+3	3.439E-1	2.065E-4	6.005E-4	7.040E+1
1.900E+3	3.437E-1	2.089E-4	6.079E-4	7.016E+1
1.920E+3	3.434E-1	2.113E-4	6.153E-4	6.990E+1
1.940E+3	3.431E-1	2.137E-4	6.228E-4	6.965E+1
1.960E+3	3.428E-1	2.161E-4	6.305E-4	6.939E+1
1.980E+3	3.425E-1	2.185E-4	6.380E-4	6.913E+1
2.000E+3	3.422E-1	2.209E-4	6.456E-4	6.887E+1
2.020E+3	3.419E-1	2.233E-4	6.532E-4	6.860E+1
2.040E+3	3.416E-1	2.257E-4	6.609E-4	6.834E+1
2.060E+3	3.412E-1	2.282E-4	6.687E-4	6.808E+1
2.080E+3	3.409E-1	2.306E-4	6.765E-4	6.780E+1
2.100E+3	3.406E-1	2.331E-4	6.842E-4	6.753E+1
2.120E+3	3.403E-1	2.355E-4	6.922E-4	6.725E+1
2.140E+3	3.400E-1	2.380E-4	7.000E-4	6.698E+1
2.160E+3	3.396E-1	2.405E-4	7.081E-4	6.670E+1
2.180E+3	3.393E-1	2.429E-4	7.158E-4	6.642E+1
2.200E+3	3.389E-1	2.454E-4	7.240E-4	6.614E+1
2.220E+3	3.386E-1	2.478E-4	7.320E-4	6.586E+1
2.240E+3	3.382E-1	2.503E-4	7.401E-4	6.557E+1
2.260E+3	3.379E-1	2.529E-4	7.484E-4	6.529E+1
2.280E+3	3.376E-1	2.554E-4	7.567E-4	6.499E+1
2.300E+3	3.372E-1	2.579E-4	7.649E-4	6.470E+1
2.320E+3	3.368E-1	2.604E-4	7.733E-4	6.440E+1
2.340E+3	3.364E-1	2.630E-4	7.819E-4	6.410E+1
2.360E+3	3.360E-1	2.655E-4	7.902E-4	6.380E+1
2.380E+3	3.357E-1	2.681E-4	7.988E-4	6.349E+1
2.400E+3	3.353E-1	2.707E-4	8.074E-4	6.319E+1
2.420E+3	3.348E-1	2.733E-4	8.161E-4	6.287E+1
2.440E+3	3.344E-1	2.759E-4	8.249E-4	6.256E+1
2.460E+3	3.340E-1	2.784E-4	8.336E-4	6.223E+1
2.480E+3	3.337E-1	2.811E-4	8.425E-4	6.192E+1
2.500E+3	3.332E-1	2.837E-4	8.515E-4	6.160E+1
2.520E+3	3.328E-1	2.863E-4	8.604E-4	6.126E+1
2.540E+3	3.323E-1	2.890E-4	8.696E-4	6.092E+1
2.560E+3	3.319E-1	2.917E-4	8.790E-4	6.058E+1
2.580E+3	3.314E-1	2.944E-4	8.882E-4	6.024E+1
2.600E+3	3.310E-1	2.971E-4	8.977E-4	5.988E+1
2.620E+3	3.305E-1	2.998E-4	9.071E-4	5.953E+1
2.640E+3	3.300E-1	3.026E-4	9.170E-4	5.916E+1
2.660E+3	3.296E-1	3.054E-4	9.268E-4	5.879E+1
2.680E+3	3.291E-1	3.083E-4	9.368E-4	5.841E+1
2.700E+3	3.285E-1	3.111E-4	9.471E-4	5.802E+1
2.720E+3	3.280E-1	3.140E-4	9.575E-4	5.761E+1
2.740E+3	3.274E-1	3.170E-4	9.681E-4	5.718E+1
2.760E+3	3.269E-1	3.200E-4	9.791E-4	5.676E+1
2.780E+3	3.263E-1	3.231E-4	9.905E-4	5.630E+1
2.800E+3	3.256E-1	3.263E-4	1.002E-3	5.582E+1
2.820E+3	3.250E-1	3.297E-4	1.014E-3	5.531E+1
2.840E+3	3.243E-1	3.331E-4	1.027E-3	5.476E+1
2.860E+3	3.235E-1	3.369E-4	1.041E-3	5.414E+1
2.880E+3	3.226E-1	3.409E-4	1.056E-3	5.343E+1
2.900E+3	3.216E-1	3.452E-4	1.073E-3	5.258E+1
2.920E+3	3.204E-1	3.503E-4	1.093E-3	5.146E+1
2.940E+3	3.185E-1	3.562E-4	1.118E-3	4.960E+1
2.960E+3	3.171E-1	3.073E-4	9.691E-4	3.571E+1
2.980E+3	3.240E-1	2.625E-4	8.100E-4	3.919E+1
3.000E+3	3.274E-1	2.538E-4	7.753E-4	4.483E+1
3.020E+3	3.289E-1	2.579E-4	7.841E-4	4.932E+1
3.040E+3	3.294E-1	2.674E-4	8.119E-4	5.229E+1
3.060E+3	3.292E-1	2.787E-4	8.467E-4	5.403E+1
3.080E+3	3.286E-1	2.900E-4	8.826E-4	5.487E+1
3.100E+3	3.277E-1	3.004E-4	9.167E-4	5.515E+1
3.120E+3	3.267E-1	3.097E-4	9.479E-4	5.506E+1
3.140E+3	3.257E-1	3.178E-4	9.758E-4	5.475E+1
3.160E+3	3.248E-1	3.250E-4	1.001E-3	5.432E+1
3.180E+3	3.238E-1	3.313E-4	1.023E-3	5.383E+1
3.200E+3	3.229E-1	3.370E-4	1.044E-3	5.330E+1
3.220E+3	3.220E-1	3.420E-4	1.062E-3	5.277E+1
3.240E+3	3.212E-1	3.466E-4	1.079E-3	5.224E+1
3.260E+3	3.204E-1	3.509E-4	1.095E-3	5.170E+1
3.280E+3	3.197E-1	3.548E-4	1.110E-3	5.119E+1
3.300E+3	3.190E-1	3.585E-4	1.124E-3	5.068E+1
3.320E+3	3.182E-1	3.620E-4	1.137E-3	5.017E+1
3.340E+3	3.176E-1	3.652E-4	1.150E-3	4.968E+1
3.360E+3	3.169E-1	3.685E-4	1.163E-3	4.919E+1
3.380E+3	3.162E-1	3.715E-4	1.175E-3	4.871E+1
3.400E+3	3.156E-1	3.744E-4	1.186E-3	4.824E+1
3.420E+3	3.149E-1	3.773E-4	1.198E-3	4.775E+1
3.440E+3	3.144E-1	3.801E-4	1.209E-3	4.728E+1
3.460E+3	3.138E-1	3.829E-4	1.220E-3	4.682E+1
3.480E+3	3.132E-1	3.855E-4	1.231E-3	4.635E+1
3.500E+3	3.125E-1	3.881E-4	1.242E-3	4.588E+1
3.520E+3	3.119E-1	3.906E-4	1.252E-3	4.542E+1
3.540E+3	3.113E-1	3.932E-4	1.263E-3	4.495E+1
3.560E+3	3.108E-1	3.956E-4	1.273E-3	4.449E+1
3.580E+3	3.102E-1	3.980E-4	1.283E-3	4.402E+1
3.600E+3	3.096E-1	4.004E-4	1.293E-3	4.356E+1
3.620E+3	3.091E-1	4.028E-4	1.303E-3	4.310E+1
3.640E+3	3.085E-1	4.051E-4	1.313E-3	4.262E+1
3.660E+3	3.079E-1	4.074E-4	1.323E-3	4.217E+1
3.680E+3	3.073E-1	4.097E-4	1.333E-3	4.170E+1
3.700E+3	3.068E-1	4.119E-4	1.343E-3	4.123E+1
3.720E+3	3.062E-1	4.140E-4	1.352E-3	4.076E+1
3.740E+3	3.057E-1	4.162E-4	1.362E-3	4.029E+1
3.760E+3	3.051E-1	4.183E-4	1.371E-3	3.982E+1
3.780E+3	3.045E-1	4.204E-4	1.380E-3	3.934E+1
3.800E+3	3.040E-1	4.225E-4	1.390E-3	3.887E+1
3.820E+3	3.035E-1	4.247E-4	1.399E-3	3.839E+1
3.840E+3	3.030E-1	4.266E-4	1.408E-3	3.792E+1
3.860E+3	3.024E-1	4.287E-4	1.418E-3	3.745E+1
3.880E+3	3.019E-1	4.306E-4	1.426E-3	3.695E+1
3.900E+3	3.014E-1	4.326E-4	1.435E-3	3.647E+1
3.920E+3	3.008E-1	4.345E-4	1.444E-3	3.599E+1
3.940E+3	3.003E-1	4.364E-4	1.453E-3	3.550E+1
3.960E+3	2.998E-1	4.382E-4	1.462E-3	3.501E+1
3.980E+3	2.993E-1	4.401E-4	1.471E-3	3.452E+1
4.000E+3	2.988E-1	4.420E-4	1.479E-3	3.404E+1
4.020E+3	2.983E-1	4.438E-4	1.488E-3	3.354E+1
4.040E+3	2.978E-1	4.455E-4	1.496E-3	3.304E+1
4.060E+3	2.973E-1	4.472E-4	1.504E-3	3.254E+1
4.080E+3	2.968E-1	4.489E-4	1.513E-3	3.204E+1
4.100E+3	2.963E-1	4.506E-4	1.521E-3	3.154E+1
4.120E+3	2.958E-1	4.523E-4	1.529E-3	3.104E+1
4.140E+3	2.954E-1	4.539E-4	1.537E-3	3.054E+1
4.160E+3	2.949E-1	4.555E-4	1.545E-3	3.003E+1
4.180E+3	2.944E-1	4.571E-4	1.553E-3	2.953E+1
4.200E+3	2.940E-1	4.587E-4	1.560E-3	2.903E+1
4.220E+3	2.935E-1	4.602E-4	1.568E-3	2.851E+1
4.240E+3	2.931E-1	4.617E-4	1.575E-3	2.800E+1
4.260E+3	2.927E-1	4.632E-4	1.583E-3	2.748E+1
4.280E+3	2.922E-1	4.646E-4	1.590E-3	2.696E+1
4.300E+3	2.918E-1	4.660E-4	1.597E-3	2.645E+1
4.320E+3	2.914E-1	4.674E-4	1.604E-3	2.594E+1
4.340E+3	2.910E-1	4.687E-4	1.611E-3	2.542E+1
4.360E+3	2.905E-1	4.701E-4	1.618E-3	2.490E+1
4.380E+3	2.901E-1	4.714E-4	1.625E-3	2.438E+1
4.400E+3	2.898E-1	4.727E-4	1.631E-3	2.386E+1
4.420E+3	2.894E-1	4.739E-4	1.637E-3	2.333E+1
4.440E+3	2.890E-1	4.751E-4	1.644E-3	2.281E+1
4.460E+3	2.886E-1	4.763E-4	1.650E-3	2.228E+1
4.480E+3	2.883E-1	4.774E-4	1.656E-3	2.176E+1
4.500E+3	2.879E-1	4.785E-4	1.662E-3	2.124E+1
4.520E+3	2.876E-1	4.796E-4	1.668E-3	2.071E+1
4.540E+3	2.872E-1	4.807E-4	1.673E-3	2.019E+1
4.560E+3	2.869E-1	4.816E-4	1.679E-3	1.966E+1
4.580E+3	2.866E-1	4.828E-4	1.684E-3	1.913E+1
4.600E+3	2.863E-1	4.837E-4	1.690E-3	1.861E+1
4.620E+3	2.860E-1	4.846E-4	1.695E-3	1.807E+1
4.640E+3	2.857E-1	4.855E-4	1.700E-3	1.755E+1
4.660E+3	2.854E-1	4.865E-4	1.705E-3	1.701E+1
4.680E+3	2.851E-1	4.873E-4	1.709E-3	1.648E+1
4.700E+3	2.848E-1	4.882E-4	1.714E-3	1.595E+1
4.720E+3	2.846E-1	4.889E-4	1.718E-3	1.542E+1
4.740E+3	2.843E-1	4.897E-4	1.722E-3	1.489E+1
4.760E+3	2.841E-1	4.904E-4	1.726E-3	1.436E+1
4.780E+3	2.839E-1	4.912E-4	1.730E-3	1.384E+1
4.800E+3	2.837E-1	4.919E-4	1.734E-3	1.330E+1
4.820E+3	2.834E-1	4.925E-4	1.738E-3	1.278E+1
4.840E+3	2.832E-1	4.931E-4	1.741E-3	1.224E+1
4.860E+3	2.830E-1	4.937E-4	1.744E-3	1.172E+1
4.880E+3	2.828E-1	4.943E-4	1.748E-3	1.119E+1
4.900E+3	2.826E-1	4.948E-4	1.751E-3	1.066E+1
4.920E+3	2.825E-1	4.953E-4	1.754E-3	1.014E+1
4.940E+3	2.823E-1	4.958E-4	1.756E-3	9.614E+0
4.960E+3	2.822E-1	4.963E-4	1.759E-3	9.084E+0
4.980E+3	2.820E-1	4.968E-4	1.761E-3	8.560E+0
5.000E+3	2.819E-1	4.971E-4	1.763E-3	8.049E+0
5.020E+3	2.818E-1	4.975E-4	1.766E-3	7.522E+0
5.040E+3	2.817E-1	4.979E-4	1.768E-3	7.000E+0
5.060E+3	2.815E-1	4.982E-4	1.770E-3	6.480E+0
5.080E+3	2.814E-1	4.985E-4	1.771E-3	5.963E+0
5.100E+3	2.813E-1	4.987E-4	1.773E-3	5.444E+0
5.120E+3	2.813E-1	4.989E-4	1.774E-3	4.933E+0
5.140E+3	2.812E-1	4.991E-4	1.775E-3	4.412E+0
5.160E+3	2.811E-1	4.994E-4	1.776E-3	3.908E+0
5.180E+3	2.811E-1	4.996E-4	1.777E-3	3.397E+0
5.200E+3	2.810E-1	4.997E-4	1.778E-3	2.884E+0
5.220E+3	2.810E-1	4.998E-4	1.779E-3	2.379E+0
5.240E+3	2.810E-1	4.999E-4	1.779E-3	1.868E+0
5.260E+3	2.809E-1	4.999E-4	1.780E-3	1.367E+0
5.280E+3	2.809E-1	4.999E-4	1.780E-3	8.614E-1
5.300E+3	2.809E-1	5.000E-4	1.780E-3	3.609E-1
5.320E+3	2.809E-1	5.000E-4	1.780E-3	-1.385E-1
5.340E+3	2.810E-1	5.000E-4	1.780E-3	-6.328E-1
5.360E+3	2.810E-1	4.999E-4	1.779E-3	-1.129E+0
5.380E+3	2.810E-1	4.998E-4	1.779E-3	-1.625E+0
5.400E+3	2.810E-1	4.998E-4	1.779E-3	-2.114E+0
5.420E+3	2.810E-1	4.996E-4	1.778E-3	-2.602E+0
5.440E+3	2.811E-1	4.994E-4	1.777E-3	-3.081E+0
5.460E+3	2.811E-1	4.992E-4	1.776E-3	-3.566E+0
5.480E+3	2.812E-1	4.991E-4	1.775E-3	-4.047E+0
5.500E+3	2.813E-1	4.988E-4	1.773E-3	-4.525E+0
5.520E+3	2.813E-1	4.986E-4	1.772E-3	-5.006E+0
5.540E+3	2.814E-1	4.985E-4	1.771E-3	-5.476E+0
5.560E+3	2.815E-1	4.981E-4	1.769E-3	-5.951E+0
5.580E+3	2.816E-1	4.979E-4	1.768E-3	-6.416E+0
5.600E+3	2.817E-1	4.976E-4	1.766E-3	-6.880E+0
5.620E+3	2.818E-1	4.972E-4	1.764E-3	-7.347E+0
5.640E+3	2.819E-1	4.968E-4	1.762E-3	-7.805E+0
5.660E+3	2.821E-1	4.965E-4	1.760E-3	-8.263E+0
5.680E+3	2.822E-1	4.961E-4	1.758E-3	-8.721E+0
5.700E+3	2.823E-1	4.957E-4	1.756E-3	-9.176E+0
5.720E+3	2.825E-1	4.953E-4	1.753E-3	-9.625E+0
5.740E+3	2.826E-1	4.949E-4	1.751E-3	-1.007E+1
5.760E+3	2.828E-1	4.944E-4	1.748E-3	-1.051E+1
5.780E+3	2.829E-1	4.939E-4	1.746E-3	-1.096E+1
5.800E+3	2.831E-1	4.934E-4	1.743E-3	-1.140E+1
5.820E+3	2.832E-1	4.929E-4	1.740E-3	-1.183E+1
5.840E+3	2.834E-1	4.923E-4	1.737E-3	-1.226E+1
5.860E+3	2.836E-1	4.918E-4	1.734E-3	-1.269E+1
5.880E+3	2.837E-1	4.913E-4	1.732E-3	-1.312E+1
5.900E+3	2.839E-1	4.907E-4	1.728E-3	-1.355E+1
5.920E+3	2.841E-1	4.902E-4	1.725E-3	-1.397E+1
5.940E+3	2.843E-1	4.896E-4	1.722E-3	-1.439E+1
5.960E+3	2.845E-1	4.890E-4	1.719E-3	-1.481E+1
5.980E+3	2.847E-1	4.883E-4	1.715E-3	-1.522E+1
6.000E+3	2.849E-1	4.877E-4	1.712E-3	-1.563E+1
6.020E+3	2.851E-1	4.871E-4	1.708E-3	-1.604E+1
6.040E+3	2.853E-1	4.864E-4	1.705E-3	-1.644E+1
6.060E+3	2.855E-1	4.857E-4	1.701E-3	-1.684E+1
6.080E+3	2.858E-1	4.850E-4	1.697E-3	-1.725E+1
6.100E+3	2.860E-1	4.844E-4	1.694E-3	-1.764E+1
6.120E+3	2.862E-1	4.837E-4	1.690E-3	-1.803E+1
6.140E+3	2.865E-1	4.830E-4	1.686E-3	-1.843E+1
6.160E+3	2.867E-1	4.822E-4	1.682E-3	-1.881E+1
6.180E+3	2.869E-1	4.815E-4	1.678E-3	-1.919E+1
6.200E+3	2.872E-1	4.807E-4	1.674E-3	-1.957E+1
6.220E+3	2.874E-1	4.800E-4	1.670E-3	-1.996E+1
6.240E+3	2.876E-1	4.792E-4	1.666E-3	-2.033E+1
6.260E+3	2.879E-1	4.784E-4	1.662E-3	-2.070E+1
6.280E+3	2.881E-1	4.776E-4	1.658E-3	-2.107E+1
6.300E+3	2.884E-1	4.769E-4	1.654E-3	-2.144E+1
6.320E+3	2.886E-1	4.761E-4	1.649E-3	-2.180E+1
6.340E+3	2.889E-1	4.753E-4	1.645E-3	-2.217E+1
6.360E+3	2.891E-1	4.744E-4	1.641E-3	-2.252E+1
6.380E+3	2.894E-1	4.736E-4	1.637E-3	-2.288E+1
6.400E+3	2.897E-1	4.727E-4	1.632E-3	-2.324E+1
6.420E+3	2.899E-1	4.719E-4	1.628E-3	-2.358E+1
6.440E+3	2.902E-1	4.710E-4	1.623E-3	-2.394E+1
6.460E+3	2.904E-1	4.702E-4	1.619E-3	-2.427E+1
6.480E+3	2.907E-1	4.694E-4	1.615E-3	-2.461E+1
6.500E+3	2.910E-1	4.685E-4	1.610E-3	-2.495E+1
6.520E+3	2.912E-1	4.676E-4	1.606E-3	-2.529E+1
6.540E+3	2.915E-1	4.667E-4	1.601E-3	-2.563E+1
6.560E+3	2.918E-1	4.659E-4	1.597E-3	-2.595E+1
6.580E+3	2.920E-1	4.649E-4	1.592E-3	-2.628E+1
6.600E+3	2.922E-1	4.639E-4	1.588E-3	-2.661E+1
6.620E+3	2.925E-1	4.630E-4	1.583E-3	-2.693E+1
6.640E+3	2.928E-1	4.621E-4	1.579E-3	-2.725E+1
6.660E+3	2.930E-1	4.612E-4	1.574E-3	-2.757E+1
6.680E+3	2.933E-1	4.603E-4	1.569E-3	-2.789E+1
6.700E+3	2.936E-1	4.593E-4	1.565E-3	-2.819E+1
6.720E+3	2.939E-1	4.584E-4	1.560E-3	-2.851E+1
6.740E+3	2.941E-1	4.575E-4	1.555E-3	-2.881E+1
6.760E+3	2.944E-1	4.565E-4	1.551E-3	-2.912E+1
6.780E+3	2.947E-1	4.556E-4	1.546E-3	-2.942E+1
6.800E+3	2.949E-1	4.546E-4	1.541E-3	-2.972E+1
6.820E+3	2.952E-1	4.536E-4	1.537E-3	-3.002E+1
6.840E+3	2.955E-1	4.527E-4	1.532E-3	-3.032E+1
6.860E+3	2.958E-1	4.518E-4	1.527E-3	-3.061E+1
6.880E+3	2.960E-1	4.508E-4	1.523E-3	-3.089E+1
6.900E+3	2.963E-1	4.499E-4	1.518E-3	-3.118E+1
6.920E+3	2.966E-1	4.489E-4	1.514E-3	-3.146E+1
6.940E+3	2.969E-1	4.479E-4	1.509E-3	-3.175E+1
6.960E+3	2.971E-1	4.470E-4	1.504E-3	-3.203E+1
6.980E+3	2.974E-1	4.460E-4	1.500E-3	-3.231E+1
7.000E+3	2.977E-1	4.451E-4	1.495E-3	-3.258E+1
7.020E+3	2.979E-1	4.441E-4	1.491E-3	-3.286E+1
7.040E+3	2.982E-1	4.430E-4	1.486E-3	-3.313E+1
7.060E+3	2.985E-1	4.422E-4	1.481E-3	-3.340E+1
7.080E+3	2.988E-1	4.412E-4	1.477E-3	-3.366E+1
7.100E+3	2.991E-1	4.402E-4	1.472E-3	-3.392E+1
7.120E+3	2.994E-1	4.393E-4	1.467E-3	-3.419E+1
7.140E+3	2.996E-1	4.383E-4	1.463E-3	-3.445E+1
7.160E+3	2.999E-1	4.373E-4	1.458E-3	-3.472E+1
7.180E+3	3.002E-1	4.363E-4	1.454E-3	-3.497E+1
7.200E+3	3.004E-1	4.353E-4	1.449E-3	-3.522E+1
7.220E+3	3.007E-1	4.343E-4	1.444E-3	-3.547E+1
7.240E+3	3.010E-1	4.334E-4	1.440E-3	-3.572E+1
7.260E+3	3.013E-1	4.325E-4	1.436E-3	-3.598E+1
7.280E+3	3.015E-1	4.315E-4	1.431E-3	-3.621E+1
7.300E+3	3.018E-1	4.305E-4	1.426E-3	-3.646E+1
7.320E+3	3.021E-1	4.295E-4	1.422E-3	-3.670E+1
7.340E+3	3.023E-1	4.285E-4	1.417E-3	-3.694E+1
7.360E+3	3.026E-1	4.275E-4	1.413E-3	-3.717E+1
7.380E+3	3.028E-1	4.266E-4	1.408E-3	-3.741E+1
7.400E+3	3.031E-1	4.256E-4	1.404E-3	-3.765E+1
7.420E+3	3.034E-1	4.246E-4	1.400E-3	-3.788E+1
7.440E+3	3.037E-1	4.236E-4	1.395E-3	-3.811E+1
7.460E+3	3.039E-1	4.227E-4	1.391E-3	-3.834E+1
7.480E+3	3.042E-1	4.217E-4	1.386E-3	-3.856E+1
7.500E+3	3.044E-1	4.207E-4	1.382E-3	-3.879E+1
7.520E+3	3.047E-1	4.197E-4	1.378E-3	-3.901E+1
7.540E+3	3.049E-1	4.188E-4	1.373E-3	-3.924E+1
7.560E+3	3.052E-1	4.177E-4	1.369E-3	-3.945E+1
7.580E+3	3.054E-1	4.168E-4	1.365E-3	-3.968E+1
7.600E+3	3.057E-1	4.158E-4	1.360E-3	-3.988E+1
7.620E+3	3.060E-1	4.149E-4	1.356E-3	-4.010E+1
7.640E+3	3.062E-1	4.139E-4	1.352E-3	-4.030E+1
7.660E+3	3.065E-1	4.130E-4	1.348E-3	-4.053E+1
7.680E+3	3.067E-1	4.120E-4	1.343E-3	-4.073E+1
7.700E+3	3.069E-1	4.110E-4	1.339E-3	-4.094E+1
7.720E+3	3.072E-1	4.101E-4	1.335E-3	-4.114E+1
7.740E+3	3.074E-1	4.091E-4	1.331E-3	-4.135E+1
7.760E+3	3.077E-1	4.081E-4	1.326E-3	-4.154E+1
7.780E+3	3.079E-1	4.071E-4	1.322E-3	-4.174E+1
7.800E+3	3.081E-1	4.061E-4	1.318E-3	-4.195E+1
7.820E+3	3.084E-1	4.052E-4	1.314E-3	-4.214E+1
7.840E+3	3.086E-1	4.043E-4	1.310E-3	-4.235E+1
7.860E+3	3.089E-1	4.033E-4	1.306E-3	-4.253E+1
7.880E+3	3.091E-1	4.024E-4	1.302E-3	-4.273E+1
7.900E+3	3.093E-1	4.014E-4	1.298E-3	-4.292E+1
7.920E+3	3.096E-1	4.005E-4	1.294E-3	-4.311E+1
7.940E+3	3.098E-1	3.995E-4	1.290E-3	-4.330E+1
7.960E+3	3.100E-1	3.986E-4	1.286E-3	-4.348E+1
7.980E+3	3.102E-1	3.976E-4	1.282E-3	-4.367E+1
8.000E+3	3.105E-1	3.967E-4	1.278E-3	-4.385E+1
8.020E+3	3.107E-1	3.958E-4	1.274E-3	-4.403E+1
8.040E+3	3.110E-1	3.948E-4	1.270E-3	-4.422E+1
8.060E+3	3.112E-1	3.939E-4	1.266E-3	-4.440E+1
8.080E+3	3.114E-1	3.930E-4	1.262E-3	-4.458E+1
8.100E+3	3.116E-1	3.920E-4	1.258E-3	-4.475E+1
8.120E+3	3.118E-1	3.911E-4	1.254E-3	-4.492E+1
8.140E+3	3.120E-1	3.902E-4	1.250E-3	-4.510E+1
8.160E+3	3.123E-1	3.892E-4	1.246E-3	-4.527E+1
8.180E+3	3.125E-1	3.883E-4	1.243E-3	-4.544E+1
8.200E+3	3.127E-1	3.875E-4	1.239E-3	-4.561E+1
8.220E+3	3.129E-1	3.866E-4	1.235E-3	-4.579E+1
8.240E+3	3.132E-1	3.856E-4	1.231E-3	-4.595E+1
8.260E+3	3.134E-1	3.848E-4	1.228E-3	-4.612E+1
8.280E+3	3.136E-1	3.838E-4	1.224E-3	-4.628E+1
8.300E+3	3.138E-1	3.829E-4	1.220E-3	-4.644E+1
8.320E+3	3.140E-1	3.820E-4	1.217E-3	-4.661E+1
8.340E+3	3.142E-1	3.811E-4	1.213E-3	-4.678E+1
8.360E+3	3.144E-1	3.802E-4	1.209E-3	-4.693E+1
8.380E+3	3.147E-1	3.793E-4	1.206E-3	-4.709E+1
8.400E+3	3.148E-1	3.785E-4	1.202E-3	-4.725E+1
8.420E+3	3.150E-1	3.775E-4	1.198E-3	-4.741E+1
8.440E+3	3.152E-1	3.767E-4	1.195E-3	-4.756E+1
8.460E+3	3.154E-1	3.758E-4	1.191E-3	-4.772E+1
8.480E+3	3.156E-1	3.749E-4	1.188E-3	-4.787E+1
8.500E+3	3.158E-1	3.740E-4	1.184E-3	-4.802E+1
8.520E+3	3.160E-1	3.731E-4	1.181E-3	-4.817E+1
8.540E+3	3.162E-1	3.723E-4	1.177E-3	-4.833E+1
8.560E+3	3.164E-1	3.714E-4	1.174E-3	-4.847E+1
8.580E+3	3.167E-1	3.706E-4	1.170E-3	-4.862E+1
8.600E+3	3.168E-1	3.697E-4	1.167E-3	-4.877E+1
8.620E+3	3.170E-1	3.688E-4	1.163E-3	-4.891E+1
8.640E+3	3.172E-1	3.680E-4	1.160E-3	-4.906E+1
8.660E+3	3.174E-1	3.671E-4	1.157E-3	-4.920E+1
8.680E+3	3.176E-1	3.662E-4	1.153E-3	-4.935E+1
8.700E+3	3.177E-1	3.654E-4	1.150E-3	-4.948E+1
8.720E+3	3.179E-1	3.645E-4	1.146E-3	-4.963E+1
8.740E+3	3.181E-1	3.637E-4	1.143E-3	-4.977E+1
8.760E+3	3.183E-1	3.629E-4	1.140E-3	-4.990E+1
8.780E+3	3.185E-1	3.620E-4	1.137E-3	-5.004E+1
8.800E+3	3.187E-1	3.612E-4	1.133E-3	-5.018E+1
8.820E+3	3.188E-1	3.603E-4	1.130E-3	-5.031E+1
8.840E+3	3.190E-1	3.594E-4	1.127E-3	-5.045E+1
8.860E+3	3.192E-1	3.586E-4	1.124E-3	-5.058E+1
8.880E+3	3.193E-1	3.578E-4	1.120E-3	-5.072E+1
8.900E+3	3.195E-1	3.570E-4	1.117E-3	-5.085E+1
8.920E+3	3.197E-1	3.561E-4	1.114E-3	-5.099E+1
8.940E+3	3.199E-1	3.553E-4	1.111E-3	-5.112E+1
8.960E+3	3.201E-1	3.546E-4	1.108E-3	-5.124E+1
8.980E+3	3.202E-1	3.538E-4	1.105E-3	-5.137E+1
9.000E+3	3.204E-1	3.529E-4	1.101E-3	-5.150E+1
9.020E+3	3.206E-1	3.521E-4	1.098E-3	-5.163E+1
9.040E+3	3.207E-1	3.513E-4	1.095E-3	-5.175E+1
9.060E+3	3.209E-1	3.505E-4	1.092E-3	-5.189E+1
9.080E+3	3.211E-1	3.497E-4	1.089E-3	-5.200E+1
9.100E+3	3.212E-1	3.489E-4	1.086E-3	-5.212E+1
9.120E+3	3.214E-1	3.480E-4	1.083E-3	-5.224E+1
9.140E+3	3.216E-1	3.474E-4	1.080E-3	-5.238E+1
9.160E+3	3.218E-1	3.466E-4	1.077E-3	-5.249E+1
9.180E+3	3.219E-1	3.458E-4	1.074E-3	-5.261E+1
9.200E+3	3.221E-1	3.450E-4	1.071E-3	-5.273E+1
9.220E+3	3.223E-1	3.442E-4	1.068E-3	-5.285E+1
9.240E+3	3.224E-1	3.435E-4	1.065E-3	-5.296E+1
9.260E+3	3.226E-1	3.426E-4	1.062E-3	-5.308E+1
9.280E+3	3.227E-1	3.419E-4	1.059E-3	-5.320E+1
9.300E+3	3.229E-1	3.411E-4	1.056E-3	-5.332E+1
9.320E+3	3.230E-1	3.404E-4	1.054E-3	-5.344E+1
9.340E+3	3.232E-1	3.396E-4	1.051E-3	-5.355E+1
9.360E+3	3.234E-1	3.389E-4	1.048E-3	-5.367E+1
9.380E+3	3.235E-1	3.381E-4	1.045E-3	-5.377E+1
9.400E+3	3.237E-1	3.374E-4	1.042E-3	-5.388E+1
9.420E+3	3.238E-1	3.366E-4	1.040E-3	-5.401E+1
9.440E+3	3.240E-1	3.359E-4	1.037E-3	-5.411E+1
9.460E+3	3.241E-1	3.351E-4	1.034E-3	-5.422E+1
9.480E+3	3.242E-1	3.344E-4	1.031E-3	-5.433E+1
9.500E+3	3.244E-1	3.336E-4	1.028E-3	-5.444E+1
9.520E+3	3.246E-1	3.330E-4	1.026E-3	-5.454E+1
9.540E+3	3.247E-1	3.322E-4	1.023E-3	-5.465E+1
9.560E+3	3.249E-1	3.314E-4	1.020E-3	-5.476E+1
9.580E+3	3.250E-1	3.307E-4	1.018E-3	-5.486E+1
9.600E+3	3.251E-1	3.300E-4	1.015E-3	-5.497E+1
9.620E+3	3.253E-1	3.293E-4	1.012E-3	-5.507E+1
9.640E+3	3.254E-1	3.285E-4	1.010E-3	-5.518E+1
9.660E+3	3.255E-1	3.278E-4	1.007E-3	-5.528E+1
9.680E+3	3.257E-1	3.271E-4	1.004E-3	-5.538E+1
9.700E+3	3.258E-1	3.264E-4	1.002E-3	-5.549E+1
9.720E+3	3.260E-1	3.257E-4	9.992E-4	-5.559E+1
9.740E+3	3.261E-1	3.250E-4	9.965E-4	-5.569E+1
9.760E+3	3.262E-1	3.243E-4	9.940E-4	-5.579E+1
9.780E+3	3.264E-1	3.235E-4	9.913E-4	-5.589E+1
9.800E+3	3.265E-1	3.229E-4	9.889E-4	-5.599E+1
9.820E+3	3.266E-1	3.221E-4	9.862E-4	-5.608E+1
9.840E+3	3.267E-1	3.215E-4	9.840E-4	-5.618E+1
9.860E+3	3.269E-1	3.208E-4	9.813E-4	-5.628E+1
9.880E+3	3.270E-1	3.200E-4	9.786E-4	-5.638E+1
9.900E+3	3.272E-1	3.194E-4	9.763E-4	-5.646E+1
9.920E+3	3.273E-1	3.187E-4	9.738E-4	-5.656E+1
9.940E+3	3.274E-1	3.180E-4	9.713E-4	-5.666E+1
9.960E+3	3.275E-1	3.174E-4	9.689E-4	-5.676E+1
9.980E+3	3.277E-1	3.166E-4	9.663E-4	-5.686E+1
1.000E+4	3.278E-1	3.160E-4	9.640E-4	-5.694E+1
1.002E+4	3.279E-1	3.153E-4	9.617E-4	-5.703E+1
