N=6,t=0:
[38.53670986563253, 79.154016392433, 119.90326319530755, 156.4202719118063, 189.1313111261686, 318.8489010109854, 327.95278006009585, 351.9050147935414, 380.65784572568174, 404.5085879390703, 489.2548421866426, 637.6876527699651, 642.4375027086314, 656.4840674845165, 675.1282434189824, 690.9001810358359, 803.7700125911953, 956.5365537809505, 959.7234189107395, 969.4464023321975, 982.7622209636723, 994.1598309660703]

N=6,t=0.33:
[37.79581446921663, 74.91162905405155, 110.3629663099521, 142.3432593799042, 166.95519549372008, 187.2841472611317, 327.36412344376544, 347.50023942306876, 371.15814584834914, 392.88769439254696, 408.45664696928657, 506.4273765802823, 642.1127266444491, 653.6727246789383, 668.6124236313246, 682.983764471392, 693.3563000212147, 955.714464368489, 959.5102846186198, 967.4571489390809, 978.0225202770116, 988.3849065748285, 995.9055023110503, 1009.2720672025534]

N=6,t=0.5:
[37.79581446921663, 74.91162905405155, 110.3629663099521, 142.3432593799042, 166.95519549372008, 176.881163955292, 327.36412344376544, 347.50023942306876, 371.15814584834914, 392.88769439254696, 408.45664696928657, 637.6876527699651, 642.1127266444491, 653.6727246789383, 668.6124236313246, 682.983764471392, 693.3563000212147, 697.1521202713454, 959.5102846186198, 967.4571489390809, 978.0225202770116, 988.3849065748285, 995.9055023110503]

N=7,t=0:
[32.83283023843067, 66.93431697757349, 101.48237080496699, 134.49788757950023, 162.61131563528164, 189.2429528982313, 318.8489010109854, 325.5169595787285, 343.602926652881, 367.1593405581044, 390.1879933590315, 407.5533635407795, 489.2548421866426, 637.6876527699651, 641.1282491998966, 651.3891429776564, 666.1969016539688, 681.4106304105089, 692.8589866729354, 803.7700125911953, 956.5365537809505, 958.8404339862437, 965.8738656261919, 976.3275951920602, 987.2887873582132, 995.5705769948622]


N=7,t=0.33:
[32.42686015820278, 64.42745173216626, 95.4638643655885, 124.65311313397385, 150.38146696841645, 169.47220999113298, 187.2841472611317, 325.2226312705633, 341.0859121554681, 360.9784460866348, 380.9623232858527, 398.14500693149813, 409.9485870141241, 506.4273765802823, 640.9658611678053, 649.8464566727904, 662.0560068356443, 675.0571986549425, 686.4852564133575, 694.3407774657672, 955.714464368489, 958.7389414661868, 964.7980449135881, 973.3538643543909, 982.6505791916096, 990.9222195762528, 996.6260992034547, 1009.2720672025534]

N=7,t=0.5:
[32.42686015820278, 64.42745173216626, 95.4638643655885, 124.65311313397385, 150.38146696841645, 169.47220999113298, 176.881163955292, 325.2226312705633, 341.0859121554681, 360.9784460866348, 380.9623232858527, 398.14500693149813, 409.9485870141241, 637.6876527699651, 640.9658611678053, 649.8464566727904, 662.0560068356443, 675.0571986549425, 686.4852564133575, 694.3407774657672, 697.1521202713454, 958.7389414661868, 964.7980449135881, 973.3538643543909, 982.6505791916096, 990.9222195762528, 996.6260992034547]