  1.000000e+01  -9.481412e+01 
  1.099099e+01  -9.398931e+01 
  1.198198e+01  -9.312728e+01 
  1.297297e+01  -9.257285e+01 
  1.396396e+01  -9.213638e+01 
  1.495496e+01  -9.112376e+01 
  1.594595e+01  -9.056326e+01 
  1.693694e+01  -8.284616e+01 
  1.792793e+01  -9.673421e+01 
  1.891892e+01  -8.685409e+01 
  1.990991e+01  -8.642041e+01 
  2.090090e+01  -8.655785e+01 
  2.189189e+01  -8.804182e+01 
  2.288288e+01  -8.665022e+01 
  2.387387e+01  -8.545429e+01 
  2.486486e+01  -8.590294e+01 
  2.585586e+01  -8.426273e+01 
  2.684685e+01  -8.380791e+01 
  2.783784e+01  -8.250945e+01 
  2.882883e+01  -8.168333e+01 
  2.981982e+01  -7.991560e+01 
  3.081081e+01  -7.790707e+01 
  3.180180e+01  -7.506261e+01 
  3.279279e+01  -6.991512e+01 
  3.378378e+01  -5.708533e+01 
  3.477478e+01  -6.845580e+01 
  3.576577e+01  -6.969498e+01 
  3.675676e+01  -6.152711e+01 
  3.774775e+01  -7.888247e+01 
  3.873874e+01  -8.180817e+01 
  3.972973e+01  -8.466757e+01 
  4.072072e+01  -8.703016e+01 
  4.171171e+01  -8.960558e+01 
  4.270270e+01  -9.150925e+01 
  4.369370e+01  -9.283941e+01 
  4.468468e+01  -9.377447e+01 
  4.567567e+01  -9.453973e+01 
  4.666667e+01  -9.492905e+01 
  4.765766e+01  -9.716928e+01 
  4.864865e+01  -9.220602e+01 
  4.963964e+01  -9.550880e+01 
  5.063063e+01  -9.328844e+01 
  5.162162e+01  -9.560109e+01 
  5.261261e+01  -9.222373e+01 
  5.360360e+01  -9.449755e+01 
  5.459459e+01  -9.455951e+01 
  5.558559e+01  -9.301260e+01 
  5.657658e+01  -9.364012e+01 
  5.756757e+01  -9.474422e+01 
  5.855856e+01  -9.341610e+01 
  5.954955e+01  -9.300607e+01 
  6.054054e+01  -9.359665e+01 
  6.153153e+01  -9.362243e+01 
  6.252252e+01  -9.318847e+01 
  6.351351e+01  -9.202248e+01 
  6.450450e+01  -9.120242e+01 
  6.549550e+01  -8.986819e+01 
  6.648649e+01  -8.830187e+01 
  6.747748e+01  -8.582914e+01 
  6.846847e+01  -8.274912e+01 
  6.945946e+01  -7.912789e+01 
  7.045045e+01  -7.385310e+01 
  7.144144e+01  -6.519541e+01 
  7.243243e+01  -5.825750e+01 
  7.342342e+01  -6.449245e+01 
  7.441441e+01  -7.043789e+01 
  7.540540e+01  -7.923530e+01 
  7.639639e+01  -7.833425e+01 
  7.738739e+01  -7.732809e+01 
  7.837838e+01  -7.983311e+01 
  7.936937e+01  -8.104935e+01 
  8.036036e+01  -8.030973e+01 
  8.135135e+01  -8.147720e+01 
  8.234234e+01  -8.218600e+01 
  8.333334e+01  -8.188634e+01 
  8.432433e+01  -8.206269e+01 
  8.531532e+01  -8.235262e+01 
  8.630630e+01  -8.250896e+01 
  8.729729e+01  -8.281310e+01 
  8.828829e+01  -8.272410e+01 
  8.927928e+01  -8.321240e+01 
  9.027027e+01  -8.324691e+01 
  9.126126e+01  -8.340295e+01 
  9.225225e+01  -8.335777e+01 
  9.324324e+01  -8.341438e+01 
  9.423424e+01  -8.351421e+01 
  9.522523e+01  -8.351852e+01 
  9.621622e+01  -8.349006e+01 
  9.720721e+01  -8.339871e+01 
  9.819820e+01  -8.356490e+01 
  9.918919e+01  -8.409572e+01 
  1.001802e+02  -8.383701e+01 
  1.011712e+02  -8.379684e+01 
  1.021622e+02  -8.380360e+01 
  1.031532e+02  -8.365743e+01 
  1.041441e+02  -8.353622e+01 
  1.051351e+02  -8.306759e+01 
  1.061261e+02  -8.152390e+01 
  1.071171e+02  -8.094440e+01 
  1.081081e+02  -8.757688e+01 
  1.090991e+02  -8.592656e+01 
  1.100901e+02  -8.450999e+01 
  1.110811e+02  -8.486963e+01 
  1.120721e+02  -8.508050e+01 
  1.130631e+02  -8.472259e+01 
  1.140541e+02  -8.479833e+01 
  1.150450e+02  -8.479036e+01 
  1.160360e+02  -8.473403e+01 
  1.170270e+02  -8.468493e+01 
  1.180180e+02  -8.482388e+01 
  1.190090e+02  -8.467953e+01 
  1.200000e+02  -8.471832e+01 
  1.209910e+02  -8.471725e+01 
  1.219820e+02  -8.474303e+01 
  1.229730e+02  -8.484711e+01 
  1.239640e+02  -8.477739e+01 
  1.249550e+02  -8.484459e+01 
  1.259459e+02  -8.488070e+01 
  1.269369e+02  -8.487848e+01 
  1.279279e+02  -8.486302e+01 
  1.289189e+02  -8.497186e+01 
  1.299099e+02  -8.503732e+01 
  1.309009e+02  -8.505255e+01 
  1.318919e+02  -8.520347e+01 
  1.328829e+02  -8.536946e+01 
  1.338739e+02  -8.549968e+01 
  1.348649e+02  -8.587016e+01 
  1.358559e+02  -8.650197e+01 
  1.368468e+02  -8.780638e+01 
  1.378378e+02  -9.602467e+01 
  1.388288e+02  -7.928325e+01 
  1.398198e+02  -7.832533e+01 
  1.408108e+02  -8.208236e+01 
  1.418018e+02  -8.418187e+01 
  1.427928e+02  -8.294786e+01 
  1.437838e+02  -8.327114e+01 
  1.447748e+02  -8.394688e+01 
  1.457658e+02  -8.396872e+01 
  1.467568e+02  -8.425443e+01 
  1.477477e+02  -8.309222e+01 
  1.487387e+02  -8.379714e+01 
  1.497297e+02  -8.570238e+01 
  1.507207e+02  -8.474926e+01 
  1.517117e+02  -8.375867e+01 
  1.527027e+02  -8.326659e+01 
  1.536937e+02  -8.361933e+01 
  1.546847e+02  -8.367693e+01 
  1.556757e+02  -8.324118e+01 
  1.566667e+02  -8.315348e+01 
  1.576577e+02  -8.309369e+01 
  1.586487e+02  -8.266254e+01 
  1.596396e+02  -8.226831e+01 
  1.606306e+02  -8.163911e+01 
  1.616216e+02  -8.016984e+01 
  1.626126e+02  -7.621970e+01 
  1.636036e+02  -7.232357e+01 
  1.645946e+02  -8.219604e+01 
  1.655856e+02  -9.625304e+01 
  1.665766e+02  -8.907910e+01 
  1.675676e+02  -8.561086e+01 
  1.685586e+02  -8.672190e+01 
  1.695495e+02  -8.746727e+01 
  1.705405e+02  -8.627892e+01 
  1.715315e+02  -8.621761e+01 
  1.725225e+02  -8.634144e+01 
  1.735135e+02  -8.631493e+01 
  1.745045e+02  -8.619216e+01 
  1.754955e+02  -8.585200e+01 
  1.764865e+02  -9.091246e+01 
  1.774775e+02  -8.668579e+01 
  1.784685e+02  -8.493817e+01 
  1.794595e+02  -8.353758e+01 
  1.804505e+02  -8.501672e+01 
  1.814414e+02  -8.520399e+01 
  1.824324e+02  -8.497618e+01 
  1.834234e+02  -8.510217e+01 
  1.844144e+02  -8.510276e+01 
  1.854054e+02  -8.513243e+01 
  1.863964e+02  -8.511552e+01 
  1.873874e+02  -8.520749e+01 
  1.883784e+02  -8.521198e+01 
  1.893694e+02  -8.522037e+01 
  1.903604e+02  -8.520163e+01 
  1.913513e+02  -8.518824e+01 
  1.923423e+02  -8.520705e+01 
  1.933333e+02  -8.515031e+01 
  1.943243e+02  -8.514513e+01 
  1.953153e+02  -8.519905e+01 
  1.963063e+02  -8.521991e+01 
  1.972973e+02  -8.518640e+01 
  1.982883e+02  -8.520307e+01 
  1.992793e+02  -8.521230e+01 
  2.002703e+02  -8.513097e+01 
  2.012613e+02  -8.552175e+01 
  2.022523e+02  -8.521693e+01 
  2.032432e+02  -8.517789e+01 
  2.042342e+02  -8.523505e+01 
  2.052252e+02  -8.530172e+01 
  2.062162e+02  -8.530406e+01 
  2.072072e+02  -8.523911e+01 
  2.081982e+02  -8.530585e+01 
  2.091892e+02  -8.539977e+01 
  2.101802e+02  -8.540150e+01 
  2.111712e+02  -8.530944e+01 
  2.121622e+02  -8.522320e+01 
  2.131532e+02  -8.525774e+01 
  2.141441e+02  -8.530067e+01 
  2.151351e+02  -8.525694e+01 
  2.161261e+02  -8.530579e+01 
  2.171171e+02  -8.533672e+01 
  2.181081e+02  -8.530846e+01 
  2.190991e+02  -8.527374e+01 
  2.200901e+02  -8.533613e+01 
  2.210811e+02  -8.528414e+01 
  2.220721e+02  -8.526593e+01 
  2.230631e+02  -8.534061e+01 
  2.240540e+02  -8.537627e+01 
  2.250450e+02  -8.555749e+01 
  2.260360e+02  -8.508559e+01 
  2.270270e+02  -8.532333e+01 
  2.280180e+02  -8.523040e+01 
  2.290090e+02  -8.526770e+01 
  2.300000e+02  -8.528125e+01 
  2.309910e+02  -8.523992e+01 
  2.319820e+02  -8.530474e+01 
  2.329730e+02  -8.531240e+01 
  2.339640e+02  -8.534160e+01 
  2.349550e+02  -8.530704e+01 
  2.359460e+02  -8.536881e+01 
  2.369369e+02  -8.527673e+01 
  2.379279e+02  -8.534999e+01 
  2.389189e+02  -8.545683e+01 
  2.399099e+02  -8.528812e+01 
  2.409009e+02  -8.538285e+01 
  2.418919e+02  -8.540804e+01 
  2.428829e+02  -8.524444e+01 
  2.438739e+02  -8.552816e+01 
  2.448649e+02  -8.545924e+01 
  2.458559e+02  -8.521246e+01 
  2.468468e+02  -8.542423e+01 
  2.478378e+02  -8.570604e+01 
  2.488288e+02  -8.501685e+01 
  2.498198e+02  -8.251524e+01 
  2.508108e+02  -8.482446e+01 
  2.518018e+02  -8.475419e+01 
  2.527928e+02  -8.542595e+01 
  2.537838e+02  -8.578568e+01 
  2.547748e+02  -8.554662e+01 
  2.557658e+02  -8.534330e+01 
  2.567567e+02  -8.531532e+01 
  2.577477e+02  -8.536710e+01 
  2.587387e+02  -8.543062e+01 
  2.597297e+02  -8.551105e+01 
  2.607207e+02  -8.551243e+01 
  2.617117e+02  -8.547911e+01 
  2.627027e+02  -8.550610e+01 
  2.636937e+02  -8.552504e+01 
  2.646847e+02  -8.540424e+01 
  2.656757e+02  -8.542902e+01 
  2.666667e+02  -8.543203e+01 
  2.676577e+02  -8.546801e+01 
  2.686487e+02  -8.547375e+01 
  2.696396e+02  -8.544046e+01 
  2.706306e+02  -8.544835e+01 
  2.716216e+02  -8.544488e+01 
  2.726126e+02  -8.552103e+01 
  2.736036e+02  -8.548796e+01 
  2.745946e+02  -8.547959e+01 
  2.755856e+02  -8.552068e+01 
  2.765766e+02  -8.542504e+01 
  2.775676e+02  -8.538022e+01 
  2.785586e+02  -8.549404e+01 
  2.795496e+02  -8.548532e+01 
  2.805405e+02  -8.544721e+01 
  2.815315e+02  -8.539627e+01 
  2.825225e+02  -8.540892e+01 
  2.835135e+02  -8.539832e+01 
  2.845045e+02  -8.543586e+01 
  2.854955e+02  -8.546455e+01 
  2.864865e+02  -8.540059e+01 
  2.874775e+02  -8.542884e+01 
  2.884685e+02  -8.544218e+01 
  2.894595e+02  -8.538876e+01 
  2.904504e+02  -8.534099e+01 
  2.914414e+02  -8.537493e+01 
  2.924324e+02  -8.537376e+01 
  2.934234e+02  -8.529900e+01 
  2.944144e+02  -8.531438e+01 
  2.954054e+02  -8.526935e+01 
  2.963964e+02  -8.526326e+01 
  2.973874e+02  -8.523261e+01 
  2.983784e+02  -8.515722e+01 
  2.993694e+02  -8.511921e+01 
  3.003604e+02  -8.516096e+01 
  3.013513e+02  -8.518723e+01 
  3.023423e+02  -8.499694e+01 
  3.033333e+02  -8.504887e+01 
  3.043243e+02  -8.493182e+01 
  3.053153e+02  -8.490295e+01 
  3.063063e+02  -8.490771e+01 
  3.072973e+02  -8.481786e+01 
  3.082883e+02  -8.470105e+01 
  3.092793e+02  -8.464571e+01 
  3.102703e+02  -8.461471e+01 
  3.112613e+02  -8.446867e+01 
  3.122523e+02  -8.432430e+01 
  3.132433e+02  -8.424454e+01 
  3.142342e+02  -8.399472e+01 
  3.152252e+02  -8.381840e+01 
  3.162162e+02  -8.365324e+01 
  3.172072e+02  -8.337622e+01 
  3.181982e+02  -8.308504e+01 
  3.191892e+02  -8.278280e+01 
  3.201802e+02  -8.230901e+01 
  3.211712e+02  -8.184481e+01 
  3.221622e+02  -8.119637e+01 
  3.231532e+02  -8.038062e+01 
  3.241441e+02  -7.925504e+01 
  3.251351e+02  -7.774858e+01 
  3.261261e+02  -7.559971e+01 
  3.271171e+02  -7.207114e+01 
  3.281081e+02  -6.412301e+01 
  3.290991e+02  -5.904790e+01 
  3.300901e+02  -6.583081e+01 
  3.310811e+02  -9.388557e+01 
  3.320721e+02  -7.749290e+01 
  3.330630e+02  -8.426856e+01 
  3.340540e+02  -8.536329e+01 
  3.350450e+02  -8.601717e+01 
  3.360360e+02  -8.856744e+01 
  3.370270e+02  -8.794910e+01 
  3.380180e+02  -8.934511e+01 
  3.390090e+02  -8.887970e+01 
  3.400000e+02  -8.915457e+01 
  3.409910e+02  -8.872459e+01 
  3.419820e+02  -8.835635e+01 
  3.429730e+02  -8.751940e+01 
  3.439640e+02  -8.655990e+01 
  3.449550e+02  -8.525995e+01 
  3.459460e+02  -8.342412e+01 
  3.469370e+02  -8.106487e+01 
  3.479279e+02  -7.803625e+01 
  3.489189e+02  -7.354917e+01 
  3.499099e+02  -6.527277e+01 
  3.509009e+02  -5.885231e+01 
  3.518919e+02  -6.401105e+01 
  3.528829e+02  -7.162097e+01 
  3.538739e+02  -7.836244e+01 
  3.548649e+02  -7.818787e+01 
  3.558559e+02  -7.846513e+01 
  3.568468e+02  -7.983516e+01 
  3.578378e+02  -8.104047e+01 
  3.588288e+02  -8.143802e+01 
  3.598198e+02  -8.190425e+01 
  3.608108e+02  -8.242367e+01 
  3.618018e+02  -8.281527e+01 
  3.627928e+02  -8.304561e+01 
  3.637838e+02  -8.334782e+01 
  3.647748e+02  -8.361861e+01 
  3.657658e+02  -8.382133e+01 
  3.667567e+02  -8.391084e+01 
  3.677477e+02  -8.407530e+01 
  3.687387e+02  -8.418400e+01 
  3.697297e+02  -8.430068e+01 
  3.707207e+02  -8.438445e+01 
  3.717117e+02  -8.445133e+01 
  3.727027e+02  -8.439689e+01 
  3.736937e+02  -8.421706e+01 
  3.746847e+02  -8.363206e+01 
  3.756757e+02  -8.152388e+01 
  3.766667e+02  -8.826424e+01 
  3.776577e+02  -8.667898e+01 
  3.786487e+02  -8.629991e+01 
  3.796396e+02  -8.614378e+01 
  3.806306e+02  -8.610741e+01 
  3.816216e+02  -8.619390e+01 
  3.826126e+02  -8.626333e+01 
  3.836036e+02  -8.634853e+01 
  3.845946e+02  -8.648579e+01 
  3.855856e+02  -8.656065e+01 
  3.865766e+02  -8.671155e+01 
  3.875676e+02  -8.688483e+01 
  3.885586e+02  -8.713982e+01 
  3.895496e+02  -8.733881e+01 
  3.905405e+02  -8.762622e+01 
  3.915315e+02  -8.801971e+01 
  3.925225e+02  -8.851765e+01 
  3.935135e+02  -8.918441e+01 
  3.945045e+02  -9.022834e+01 
  3.954955e+02  -9.176485e+01 
  3.964865e+02  -9.327959e+01 
  3.974775e+02  -9.117937e+01 
  3.984685e+02  -8.293520e+01 
  3.994595e+02  -6.977071e+01 
  4.004504e+02  -6.411909e+01 
  4.014414e+02  -7.302759e+01 
  4.024324e+02  -7.618163e+01 
  4.034234e+02  -7.892852e+01 
  4.044144e+02  -7.876337e+01 
  4.054054e+02  -8.005509e+01 
  4.063964e+02  -7.995541e+01 
  4.073874e+02  -7.990184e+01 
  4.083784e+02  -7.993517e+01 
  4.093694e+02  -7.988151e+01 
  4.103604e+02  -7.967515e+01 
  4.113513e+02  -7.924031e+01 
  4.123423e+02  -7.865585e+01 
  4.133333e+02  -7.769279e+01 
  4.143243e+02  -7.628769e+01 
  4.153153e+02  -7.384432e+01 
  4.163063e+02  -6.845737e+01 
  4.172973e+02  -6.272439e+01 
  4.182883e+02  -7.015049e+01 
  4.192793e+02  -7.916744e+01 
  4.202703e+02  -8.854007e+01 
  4.212613e+02  -9.324751e+01 
  4.222523e+02  -9.229549e+01 
  4.232433e+02  -9.177605e+01 
  4.242342e+02  -9.148946e+01 
  4.252252e+02  -9.110313e+01 
  4.262162e+02  -9.042238e+01 
  4.272072e+02  -8.990800e+01 
  4.281982e+02  -8.957279e+01 
  4.291892e+02  -8.926946e+01 
  4.301802e+02  -8.900072e+01 
  4.311712e+02  -8.891544e+01 
  4.321622e+02  -8.858437e+01 
  4.331532e+02  -8.836044e+01 
  4.341441e+02  -8.826081e+01 
  4.351351e+02  -8.814496e+01 
  4.361261e+02  -8.797744e+01 
  4.371171e+02  -8.789763e+01 
  4.381081e+02  -8.784396e+01 
  4.390991e+02  -8.778480e+01 
  4.400901e+02  -8.781709e+01 
  4.410811e+02  -8.772820e+01 
  4.420721e+02  -8.768057e+01 
  4.430630e+02  -8.753980e+01 
  4.440540e+02  -8.752754e+01 
  4.450450e+02  -8.748546e+01 
  4.460360e+02  -8.746761e+01 
  4.470270e+02  -8.749827e+01 
  4.480180e+02  -8.740037e+01 
  4.490090e+02  -8.756670e+01 
  4.500000e+02  -8.705818e+01 
  4.509910e+02  -8.742337e+01 
  4.519820e+02  -8.729601e+01 
  4.529730e+02  -8.729712e+01 
  4.539640e+02  -8.738876e+01 
  4.549550e+02  -8.732494e+01 
  4.559460e+02  -8.723043e+01 
  4.569370e+02  -8.724928e+01 
  4.579279e+02  -8.727298e+01 
  4.589189e+02  -8.711859e+01 
  4.599099e+02  -8.717527e+01 
  4.609009e+02  -8.725981e+01 
  4.618919e+02  -8.722683e+01 
  4.628829e+02  -8.716604e+01 
  4.638739e+02  -8.716039e+01 
  4.648649e+02  -8.716808e+01 
  4.658559e+02  -8.718074e+01 
  4.668468e+02  -8.721268e+01 
  4.678378e+02  -8.723055e+01 
  4.688288e+02  -8.720106e+01 
  4.698198e+02  -8.714944e+01 
  4.708108e+02  -8.717194e+01 
  4.718018e+02  -8.713320e+01 
  4.727928e+02  -8.713384e+01 
  4.737838e+02  -8.723014e+01 
  4.747748e+02  -8.723199e+01 
  4.757658e+02  -8.719376e+01 
  4.767567e+02  -8.716463e+01 
  4.777477e+02  -8.717300e+01 
  4.787387e+02  -8.719145e+01 
  4.797297e+02  -8.708121e+01 
  4.807207e+02  -8.730087e+01 
  4.817117e+02  -8.717991e+01 
  4.827027e+02  -8.713210e+01 
  4.836937e+02  -8.718094e+01 
  4.846847e+02  -8.714567e+01 
  4.856757e+02  -8.711925e+01 
  4.866667e+02  -8.720126e+01 
  4.876577e+02  -8.714131e+01 
  4.886487e+02  -8.720047e+01 
  4.896396e+02  -8.716612e+01 
  4.906306e+02  -8.721834e+01 
  4.916216e+02  -8.712744e+01 
  4.926126e+02  -8.710394e+01 
  4.936036e+02  -8.714497e+01 
  4.945946e+02  -8.709666e+01 
  4.955856e+02  -8.713956e+01 
  4.965766e+02  -8.719647e+01 
  4.975676e+02  -8.713956e+01 
  4.985586e+02  -8.716792e+01 
  4.995496e+02  -8.722701e+01 
  5.005405e+02  -8.719333e+01 
  5.015315e+02  -8.718520e+01 
  5.025225e+02  -8.717373e+01 
  5.035135e+02  -8.724755e+01 
  5.045045e+02  -8.717069e+01 
  5.054955e+02  -8.725544e+01 
  5.064865e+02  -8.729333e+01 
  5.074775e+02  -8.710298e+01 
  5.084685e+02  -8.735113e+01 
  5.094595e+02  -8.727679e+01 
  5.104504e+02  -8.719505e+01 
  5.114414e+02  -8.722602e+01 
  5.124324e+02  -8.723315e+01 
  5.134234e+02  -8.712143e+01 
  5.144144e+02  -8.724741e+01 
  5.154054e+02  -8.722713e+01 
  5.163964e+02  -8.733856e+01 
  5.173874e+02  -8.717231e+01 
  5.183784e+02  -8.715021e+01 
  5.193694e+02  -8.732544e+01 
  5.203604e+02  -8.728620e+01 
  5.213514e+02  -8.712123e+01 
  5.223423e+02  -8.732227e+01 
  5.233333e+02  -8.729305e+01 
  5.243243e+02  -8.728316e+01 
  5.253153e+02  -8.731224e+01 
  5.263063e+02  -8.729710e+01 
  5.272973e+02  -8.736165e+01 
  5.282883e+02  -8.734699e+01 
  5.292793e+02  -8.739109e+01 
  5.302703e+02  -8.732082e+01 
  5.312613e+02  -8.735408e+01 
  5.322523e+02  -8.732040e+01 
  5.332432e+02  -8.738417e+01 
  5.342343e+02  -8.737730e+01 
  5.352252e+02  -8.735010e+01 
  5.362162e+02  -8.727146e+01 
  5.372072e+02  -8.737925e+01 
  5.381982e+02  -8.737119e+01 
  5.391892e+02  -8.742986e+01 
  5.401802e+02  -8.737527e+01 
  5.411711e+02  -8.735870e+01 
  5.421622e+02  -8.743721e+01 
  5.431531e+02  -8.742802e+01 
  5.441442e+02  -8.749736e+01 
  5.451351e+02  -8.739781e+01 
  5.461261e+02  -8.741130e+01 
  5.471171e+02  -8.740862e+01 
  5.481081e+02  -8.744191e+01 
  5.490991e+02  -8.739006e+01 
  5.500901e+02  -8.814476e+01 
  5.510811e+02  -8.746232e+01 
  5.520721e+02  -8.742604e+01 
  5.530630e+02  -8.741711e+01 
  5.540541e+02  -8.744155e+01 
  5.550450e+02  -8.741793e+01 
  5.560360e+02  -8.748817e+01 
  5.570270e+02  -8.741447e+01 
  5.580180e+02  -8.748714e+01 
  5.590090e+02  -8.748386e+01 
  5.600000e+02  -8.743767e+01 
  5.609910e+02  -8.746352e+01 
  5.619820e+02  -8.752795e+01 
  5.629730e+02  -8.745207e+01 
  5.639640e+02  -8.744764e+01 
  5.649550e+02  -8.752287e+01 
  5.659459e+02  -8.746910e+01 
  5.669370e+02  -8.757182e+01 
  5.679279e+02  -8.750773e+01 
  5.689189e+02  -8.751088e+01 
  5.699099e+02  -8.754201e+01 
  5.709009e+02  -8.753175e+01 
  5.718919e+02  -8.756180e+01 
  5.728829e+02  -8.751010e+01 
  5.738739e+02  -8.752500e+01 
  5.748649e+02  -8.752617e+01 
  5.758558e+02  -8.756670e+01 
  5.768469e+02  -8.758212e+01 
  5.778378e+02  -8.760964e+01 
  5.788289e+02  -8.759859e+01 
  5.798198e+02  -8.758704e+01 
  5.808108e+02  -8.756278e+01 
  5.818018e+02  -8.764393e+01 
  5.827928e+02  -8.763461e+01 
  5.837838e+02  -8.764098e+01 
  5.847748e+02  -8.760715e+01 
  5.857657e+02  -8.770333e+01 
  5.867568e+02  -8.765568e+01 
  5.877477e+02  -8.769675e+01 
  5.887387e+02  -8.772294e+01 
  5.897297e+02  -8.758113e+01 
  5.907207e+02  -8.768974e+01 
  5.917117e+02  -8.768961e+01 
  5.927027e+02  -8.772924e+01 
  5.936937e+02  -8.774633e+01 
  5.946847e+02  -8.777652e+01 
  5.956757e+02  -8.779766e+01 
  5.966667e+02  -8.774310e+01 
  5.976577e+02  -8.776997e+01 
  5.986486e+02  -8.779977e+01 
  5.996396e+02  -8.774209e+01 
  6.006306e+02  -8.779597e+01 
  6.016216e+02  -8.780134e+01 
  6.026126e+02  -8.792805e+01 
  6.036036e+02  -8.783509e+01 
  6.045946e+02  -8.786048e+01 
  6.055856e+02  -8.790654e+01 
  6.065766e+02  -8.794678e+01 
  6.075676e+02  -8.790855e+01 
  6.085585e+02  -8.793217e+01 
  6.095496e+02  -8.800597e+01 
  6.105405e+02  -8.800890e+01 
  6.115316e+02  -8.802678e+01 
  6.125225e+02  -8.802221e+01 
  6.135135e+02  -8.805241e+01 
  6.145045e+02  -8.808559e+01 
  6.154955e+02  -8.808395e+01 
  6.164865e+02  -8.818705e+01 
  6.174775e+02  -8.828572e+01 
  6.184684e+02  -8.816824e+01 
  6.194595e+02  -8.829430e+01 
  6.204504e+02  -8.828295e+01 
  6.214415e+02  -8.836652e+01 
  6.224324e+02  -8.839900e+01 
  6.234234e+02  -8.847159e+01 
  6.244144e+02  -8.855254e+01 
  6.254054e+02  -8.858971e+01 
  6.263964e+02  -8.863034e+01 
  6.273874e+02  -8.874815e+01 
  6.283784e+02  -8.889197e+01 
  6.293694e+02  -8.888573e+01 
  6.303604e+02  -8.905499e+01 
  6.313514e+02  -8.926314e+01 
  6.323423e+02  -8.938302e+01 
  6.333333e+02  -8.953474e+01 
  6.343243e+02  -8.975794e+01 
  6.353153e+02  -8.996828e+01 
  6.363063e+02  -9.033243e+01 
  6.372973e+02  -9.070400e+01 
  6.382883e+02  -9.115149e+01 
  6.392793e+02  -9.177294e+01 
  6.402703e+02  -9.249937e+01 
  6.412613e+02  -9.341580e+01 
  6.422523e+02  -9.440718e+01 
  6.432432e+02  -9.471885e+01 
  6.442343e+02  -9.259296e+01 
  6.452252e+02  -8.807879e+01 
  6.462162e+02  -8.197634e+01 
  6.472072e+02  -7.371877e+01 
  6.481982e+02  -6.376044e+01 
  6.491892e+02  -6.847448e+01 
  6.501802e+02  -7.406416e+01 
  6.511711e+02  -7.664380e+01 
  6.521622e+02  -7.830048e+01 
  6.531531e+02  -7.936088e+01 
  6.541442e+02  -7.996168e+01 
  6.551351e+02  -8.037869e+01 
  6.561261e+02  -8.061300e+01 
  6.571171e+02  -8.072604e+01 
  6.581081e+02  -8.063802e+01 
  6.590991e+02  -8.049622e+01 
  6.600901e+02  -8.014167e+01 
  6.610811e+02  -7.956767e+01 
  6.620721e+02  -7.865446e+01 
  6.630630e+02  -7.709513e+01 
  6.640541e+02  -7.419752e+01 
  6.650450e+02  -6.665663e+01 
  6.660360e+02  -6.458514e+01 
  6.670270e+02  -8.069702e+01 
  6.680180e+02  -8.333423e+01 
  6.690090e+02  -9.602023e+01 
  6.700000e+02  -9.493019e+01 
  6.709910e+02  -9.215696e+01 
  6.719820e+02  -9.201935e+01 
  6.729730e+02  -9.083402e+01 
  6.739640e+02  -9.018718e+01 
  6.749550e+02  -8.977735e+01 
  6.759459e+02  -8.934724e+01 
  6.769370e+02  -8.902312e+01 
  6.779279e+02  -8.873610e+01 
  6.789189e+02  -8.853825e+01 
  6.799099e+02  -8.830914e+01 
  6.809009e+02  -8.816468e+01 
  6.818919e+02  -8.802496e+01 
  6.828829e+02  -8.786871e+01 
  6.838739e+02  -8.770906e+01 
  6.848649e+02  -8.750634e+01 
  6.858558e+02  -8.729214e+01 
  6.868469e+02  -8.674757e+01 
  6.878378e+02  -8.660231e+01 
  6.888289e+02  -8.800793e+01 
  6.898198e+02  -8.751859e+01 
  6.908108e+02  -8.725940e+01 
  6.918018e+02  -8.714318e+01 
  6.927928e+02  -8.696546e+01 
  6.937838e+02  -8.678475e+01 
  6.947748e+02  -8.663447e+01 
  6.957657e+02  -8.645741e+01 
  6.967568e+02  -8.630402e+01 
  6.977477e+02  -8.603671e+01 
  6.987387e+02  -8.577830e+01 
  6.997297e+02  -8.553230e+01 
  7.007207e+02  -8.513461e+01 
  7.017117e+02  -8.470710e+01 
  7.027027e+02  -8.420226e+01 
  7.036937e+02  -8.354801e+01 
  7.046847e+02  -8.264978e+01 
  7.056757e+02  -8.157457e+01 
  7.066667e+02  -7.986654e+01 
  7.076577e+02  -7.735748e+01 
  7.086486e+02  -7.278811e+01 
  7.096396e+02  -6.421332e+01 
  7.106306e+02  -6.823021e+01 
  7.116216e+02  -7.757841e+01 
  7.126126e+02  -8.343291e+01 
  7.136036e+02  -8.686065e+01 
  7.145946e+02  -8.790633e+01 
  7.155856e+02  -8.962891e+01 
  7.165766e+02  -9.055286e+01 
  7.175676e+02  -9.107598e+01 
  7.185585e+02  -9.100034e+01 
  7.195496e+02  -9.071091e+01 
  7.205405e+02  -8.986638e+01 
  7.215316e+02  -8.831865e+01 
  7.225225e+02  -8.614037e+01 
  7.235135e+02  -8.301751e+01 
  7.245045e+02  -7.802203e+01 
  7.254955e+02  -6.895123e+01 
  7.264865e+02  -6.466206e+01 
  7.274775e+02  -7.304021e+01 
  7.284684e+02  -7.975830e+01 
  7.294595e+02  -8.073649e+01 
  7.304504e+02  -8.283336e+01 
  7.314415e+02  -8.318718e+01 
  7.324324e+02  -8.413737e+01 
  7.334234e+02  -8.472958e+01 
  7.344144e+02  -8.515285e+01 
  7.354054e+02  -8.553127e+01 
  7.363964e+02  -8.593908e+01 
  7.373874e+02  -8.611606e+01 
  7.383784e+02  -8.630391e+01 
  7.393694e+02  -8.656217e+01 
  7.403604e+02  -8.665269e+01 
  7.413514e+02  -8.682785e+01 
  7.423423e+02  -8.685673e+01 
  7.433333e+02  -8.698737e+01 
  7.443243e+02  -8.707480e+01 
  7.453153e+02  -8.715935e+01 
  7.463063e+02  -8.724675e+01 
  7.472973e+02  -8.736044e+01 
  7.482883e+02  -8.739919e+01 
  7.492793e+02  -8.743217e+01 
  7.502703e+02  -8.749363e+01 
  7.512613e+02  -8.757912e+01 
  7.522523e+02  -8.753630e+01 
  7.532432e+02  -8.759378e+01 
  7.542343e+02  -8.762400e+01 
  7.552252e+02  -8.762571e+01 
  7.562162e+02  -8.771960e+01 
  7.572072e+02  -8.770552e+01 
  7.581982e+02  -8.770358e+01 
  7.591892e+02  -8.778400e+01 
  7.601802e+02  -8.773264e+01 
  7.611711e+02  -8.774463e+01 
  7.621622e+02  -8.776363e+01 
  7.631531e+02  -8.775603e+01 
  7.641442e+02  -8.782644e+01 
  7.651351e+02  -8.779333e+01 
  7.661261e+02  -8.782859e+01 
  7.671171e+02  -8.790218e+01 
  7.681081e+02  -8.788087e+01 
  7.690991e+02  -8.783988e+01 
  7.700901e+02  -8.788071e+01 
  7.710811e+02  -8.794183e+01 
  7.720721e+02  -8.791549e+01 
  7.730630e+02  -8.788515e+01 
  7.740541e+02  -8.787007e+01 
  7.750450e+02  -8.789776e+01 
  7.760360e+02  -8.796690e+01 
  7.770270e+02  -8.800381e+01 
  7.780180e+02  -8.797788e+01 
  7.790090e+02  -8.794229e+01 
  7.800000e+02  -8.797736e+01 
  7.809910e+02  -8.798564e+01 
  7.819820e+02  -8.790346e+01 
  7.829730e+02  -8.802783e+01 
  7.839640e+02  -8.793427e+01 
  7.849550e+02  -8.802372e+01 
  7.859459e+02  -8.802922e+01 
  7.869370e+02  -8.808967e+01 
  7.879279e+02  -8.807120e+01 
  7.889189e+02  -8.808901e+01 
  7.899099e+02  -8.805276e+01 
  7.909009e+02  -8.802065e+01 
  7.918919e+02  -8.807468e+01 
  7.928829e+02  -8.808291e+01 
  7.938739e+02  -8.811684e+01 
  7.948649e+02  -8.818340e+01 
  7.958558e+02  -8.806566e+01 
  7.968469e+02  -8.811025e+01 
  7.978378e+02  -8.819131e+01 
  7.988289e+02  -8.809562e+01 
  7.998198e+02  -8.801153e+01 
  8.008108e+02  -8.812180e+01 
  8.018018e+02  -8.807572e+01 
  8.027928e+02  -8.811900e+01 
  8.037838e+02  -8.810865e+01 
  8.047748e+02  -8.815480e+01 
  8.057657e+02  -8.809870e+01 
  8.067568e+02  -8.815305e+01 
  8.077477e+02  -8.817200e+01 
  8.087387e+02  -8.809605e+01 
  8.097297e+02  -8.815167e+01 
  8.107207e+02  -8.819291e+01 
  8.117117e+02  -8.807648e+01 
  8.127027e+02  -8.814471e+01 
  8.136937e+02  -8.823325e+01 
  8.146847e+02  -8.825341e+01 
  8.156757e+02  -8.815394e+01 
  8.166667e+02  -8.827213e+01 
  8.176577e+02  -8.817585e+01 
  8.186486e+02  -8.810612e+01 
  8.196396e+02  -8.813951e+01 
  8.206306e+02  -8.823062e+01 
  8.216216e+02  -8.820943e+01 
  8.226126e+02  -8.819447e+01 
  8.236036e+02  -8.814922e+01 
  8.245946e+02  -8.811718e+01 
  8.255856e+02  -8.821661e+01 
  8.265766e+02  -8.815789e+01 
  8.275676e+02  -8.821890e+01 
  8.285585e+02  -8.817445e+01 
  8.295496e+02  -8.827399e+01 
  8.305405e+02  -8.821883e+01 
  8.315316e+02  -8.825836e+01 
  8.325225e+02  -8.825879e+01 
  8.335135e+02  -8.819244e+01 
  8.345045e+02  -8.824056e+01 
  8.354955e+02  -8.821427e+01 
  8.364865e+02  -8.819108e+01 
  8.374775e+02  -8.824921e+01 
  8.384684e+02  -8.816181e+01 
  8.394595e+02  -8.822144e+01 
  8.404504e+02  -8.822701e+01 
  8.414415e+02  -8.829843e+01 
  8.424324e+02  -8.822056e+01 
  8.434234e+02  -8.824696e+01 
  8.444144e+02  -8.827830e+01 
  8.454054e+02  -8.829819e+01 
  8.463964e+02  -8.828362e+01 
  8.473874e+02  -8.833379e+01 
  8.483784e+02  -8.822850e+01 
  8.493694e+02  -8.825422e+01 
  8.503604e+02  -8.834245e+01 
  8.513514e+02  -8.819621e+01 
  8.523423e+02  -8.827809e+01 
  8.533333e+02  -8.829209e+01 
  8.543243e+02  -8.825807e+01 
  8.553153e+02  -8.834760e+01 
  8.563063e+02  -8.828152e+01 
  8.572973e+02  -8.828553e+01 
  8.582883e+02  -8.835060e+01 
  8.592793e+02  -8.830288e+01 
  8.602703e+02  -8.825105e+01 
  8.612613e+02  -8.831093e+01 
  8.622523e+02  -8.829225e+01 
  8.632432e+02  -8.837617e+01 
  8.642343e+02  -8.825408e+01 
  8.652252e+02  -8.832086e+01 
  8.662162e+02  -8.830055e+01 
  8.672072e+02  -8.837891e+01 
  8.681982e+02  -8.835053e+01 
  8.691892e+02  -8.832795e+01 
  8.701802e+02  -8.830334e+01 
  8.711711e+02  -8.830720e+01 
  8.721622e+02  -8.831619e+01 
  8.731531e+02  -8.835120e+01 
  8.741442e+02  -8.828397e+01 
  8.751351e+02  -8.837572e+01 
  8.761261e+02  -8.836393e+01 
  8.771171e+02  -8.838206e+01 
  8.781081e+02  -8.833820e+01 
  8.790991e+02  -8.840324e+01 
  8.800901e+02  -8.833475e+01 
  8.810811e+02  -8.839030e+01 
  8.820721e+02  -8.831185e+01 
  8.830630e+02  -8.833189e+01 
  8.840541e+02  -8.834605e+01 
  8.850450e+02  -8.837273e+01 
  8.860360e+02  -8.844032e+01 
  8.870270e+02  -8.838096e+01 
  8.880180e+02  -8.837568e+01 
  8.890090e+02  -8.839765e+01 
  8.900000e+02  -8.837085e+01 
  8.909910e+02  -8.834339e+01 
  8.919820e+02  -8.833865e+01 
  8.929730e+02  -8.837408e+01 
  8.939640e+02  -8.839590e+01 
  8.949550e+02  -8.838641e+01 
  8.959459e+02  -8.834329e+01 
  8.969370e+02  -8.839886e+01 
  8.979279e+02  -8.840533e+01 
  8.989189e+02  -8.840408e+01 
  8.999099e+02  -8.839599e+01 
  9.009009e+02  -8.836927e+01 
  9.018919e+02  -8.839775e+01 
  9.028829e+02  -8.843224e+01 
  9.038739e+02  -8.845551e+01 
  9.048649e+02  -8.846093e+01 
  9.058558e+02  -8.838784e+01 
  9.068469e+02  -8.837909e+01 
  9.078378e+02  -8.835732e+01 
  9.088289e+02  -8.842404e+01 
  9.098198e+02  -8.849362e+01 
  9.108108e+02  -8.841339e+01 
  9.118018e+02  -8.846346e+01 
  9.127928e+02  -8.845395e+01 
  9.137838e+02  -8.844148e+01 
  9.147748e+02  -8.845979e+01 
  9.157657e+02  -8.845300e+01 
  9.167568e+02  -8.843646e+01 
  9.177477e+02  -8.834078e+01 
  9.187387e+02  -8.848591e+01 
  9.197297e+02  -8.844891e+01 
  9.207207e+02  -8.840652e+01 
  9.217117e+02  -8.842251e+01 
  9.227027e+02  -8.846476e+01 
  9.236937e+02  -8.845427e+01 
  9.246847e+02  -8.843465e+01 
  9.256757e+02  -8.845951e+01 
  9.266667e+02  -8.849270e+01 
  9.276577e+02  -8.844888e+01 
  9.286486e+02  -8.848919e+01 
  9.296396e+02  -8.850195e+01 
  9.306306e+02  -8.844427e+01 
  9.316216e+02  -8.857312e+01 
  9.326126e+02  -8.860410e+01 
  9.336036e+02  -8.843888e+01 
  9.345946e+02  -8.839939e+01 
  9.355856e+02  -8.841788e+01 
  9.365766e+02  -8.846631e+01 
  9.375676e+02  -8.848788e+01 
  9.385585e+02  -8.852343e+01 
  9.395496e+02  -8.846275e+01 
  9.405405e+02  -8.847198e+01 
  9.415316e+02  -8.850038e+01 
  9.425225e+02  -8.851532e+01 
  9.435135e+02  -8.841677e+01 
  9.445045e+02  -8.850683e+01 
  9.454955e+02  -8.850114e+01 
  9.464865e+02  -8.855669e+01 
  9.474775e+02  -8.840517e+01 
  9.484684e+02  -8.844529e+01 
  9.494595e+02  -8.853109e+01 
  9.504504e+02  -8.848834e+01 
  9.514415e+02  -8.856819e+01 
  9.524324e+02  -8.847301e+01 
  9.534234e+02  -8.848037e+01 
  9.544144e+02  -8.840665e+01 
  9.554054e+02  -8.848872e+01 
  9.563964e+02  -8.846172e+01 
  9.573874e+02  -8.852652e+01 
  9.583784e+02  -8.857724e+01 
  9.593694e+02  -8.847423e+01 
  9.603604e+02  -8.845010e+01 
  9.613514e+02  -8.849326e+01 
  9.623423e+02  -8.847289e+01 
  9.633333e+02  -8.844457e+01 
  9.643243e+02  -8.841878e+01 
  9.653153e+02  -8.838437e+01 
  9.663063e+02  -8.860867e+01 
  9.672973e+02  -8.852174e+01 
  9.682883e+02  -8.849259e+01 
  9.692793e+02  -8.851620e+01 
  9.702703e+02  -8.840985e+01 
  9.712613e+02  -8.846859e+01 
  9.722523e+02  -8.841649e+01 
  9.732432e+02  -8.837317e+01 
  9.742343e+02  -8.831170e+01 
  9.752252e+02  -8.828262e+01 
  9.762162e+02  -8.823214e+01 
  9.772072e+02  -8.818750e+01 
  9.781982e+02  -8.797768e+01 
  9.791892e+02  -8.757352e+01 
  9.801802e+02  -8.606873e+01 
  9.811711e+02  -8.730724e+01 
  9.821622e+02  -9.052757e+01 
  9.831531e+02  -8.919185e+01 
  9.841442e+02  -8.907034e+01 
  9.851351e+02  -8.899946e+01 
  9.861261e+02  -8.886884e+01 
  9.871171e+02  -8.888094e+01 
  9.881081e+02  -8.883428e+01 
  9.890991e+02  -8.888580e+01 
  9.900901e+02  -8.887134e+01 
  9.910811e+02  -8.877473e+01 
  9.920721e+02  -8.880150e+01 
  9.930630e+02  -8.885597e+01 
  9.940541e+02  -8.877049e+01 
  9.950450e+02  -8.868555e+01 
  9.960360e+02  -8.877280e+01 
  9.970270e+02  -8.882383e+01 
  9.980180e+02  -8.877438e+01 
  9.990090e+02  -8.877357e+01 
  1.000000e+03  -8.874338e+01 