  1.000000e+01  -9.387904e+01 
  1.099099e+01  -9.241728e+01 
  1.198198e+01  -9.133925e+01 
  1.297297e+01  -9.091062e+01 
  1.396396e+01  -9.038145e+01 
  1.495496e+01  -8.983528e+01 
  1.594595e+01  -8.917122e+01 
  1.693694e+01  -9.009272e+01 
  1.792793e+01  -8.466911e+01 
  1.891892e+01  -1.022322e+02 
  1.990991e+01  -8.754414e+01 
  2.090090e+01  -8.781404e+01 
  2.189189e+01  -8.628893e+01 
  2.288288e+01  -8.559237e+01 
  2.387387e+01  -8.515823e+01 
  2.486486e+01  -8.413300e+01 
  2.585586e+01  -8.298884e+01 
  2.684685e+01  -8.264148e+01 
  2.783784e+01  -8.163232e+01 
  2.882883e+01  -8.022704e+01 
  2.981982e+01  -7.894118e+01 
  3.081081e+01  -7.695483e+01 
  3.180180e+01  -7.434512e+01 
  3.279279e+01  -6.979435e+01 
  3.378378e+01  -5.761940e+01 
  3.477478e+01  -5.880823e+01 
  3.576577e+01  -7.372332e+01 
  3.675676e+01  -9.182830e+01 
  3.774775e+01  -8.230154e+01 
  3.873874e+01  -8.252086e+01 
  3.972973e+01  -9.016690e+01 
  4.072072e+01  -9.451369e+01 
  4.171171e+01  -9.053728e+01 
  4.270270e+01  -9.167688e+01 
  4.369370e+01  -9.284892e+01 
  4.468468e+01  -9.589256e+01 
  4.567567e+01  -9.330910e+01 
  4.666667e+01  -9.524391e+01 
  4.765766e+01  -9.186315e+01 
  4.864865e+01  -9.428265e+01 
  4.963964e+01  -8.898824e+01 
  5.063063e+01  -9.830617e+01 
  5.162162e+01  -9.058835e+01 
  5.261261e+01  -9.347771e+01 
  5.360360e+01  -9.390255e+01 
  5.459459e+01  -9.180167e+01 
  5.558559e+01  -9.204914e+01 
  5.657658e+01  -9.285365e+01 
  5.756757e+01  -9.205386e+01 
  5.855856e+01  -9.226857e+01 
  5.954955e+01  -9.283101e+01 
  6.054054e+01  -9.323981e+01 
  6.153153e+01  -9.219634e+01 
  6.252252e+01  -9.145797e+01 
  6.351351e+01  -9.074934e+01 
  6.450450e+01  -9.039120e+01 
  6.549550e+01  -8.920535e+01 
  6.648649e+01  -8.734528e+01 
  6.747748e+01  -8.497073e+01 
  6.846847e+01  -8.207785e+01 
  6.945946e+01  -7.884109e+01 
  7.045045e+01  -7.415073e+01 
  7.144144e+01  -6.689274e+01 
  7.243243e+01  -5.640723e+01 
  7.342342e+01  -6.394782e+01 
  7.441441e+01  -6.977620e+01 
  7.540540e+01  -7.301141e+01 
  7.639639e+01  -7.511107e+01 
  7.738739e+01  -7.668872e+01 
  7.837838e+01  -7.788303e+01 
  7.936937e+01  -7.880456e+01 
  8.036036e+01  -7.958739e+01 
  8.135135e+01  -7.955253e+01 
  8.234234e+01  -8.052381e+01 
  8.333334e+01  -8.103168e+01 
  8.432433e+01  -8.115148e+01 
  8.531532e+01  -8.116009e+01 
  8.630630e+01  -8.160390e+01 
  8.729729e+01  -8.181604e+01 
  8.828829e+01  -8.178776e+01 
  8.927928e+01  -8.182880e+01 
  9.027027e+01  -8.209671e+01 
  9.126126e+01  -8.218968e+01 
  9.225225e+01  -8.233819e+01 
  9.324324e+01  -8.238435e+01 
  9.423424e+01  -8.237423e+01 
  9.522523e+01  -8.240085e+01 
  9.621622e+01  -8.253152e+01 
  9.720721e+01  -8.250407e+01 
  9.819820e+01  -8.241955e+01 
  9.918919e+01  -8.236174e+01 
  1.001802e+02  -8.209781e+01 
  1.011712e+02  -8.232863e+01 
  1.021622e+02  -8.270158e+01 
  1.031532e+02  -8.241280e+01 
  1.041441e+02  -8.219650e+01 
  1.051351e+02  -8.163897e+01 
  1.061261e+02  -8.043163e+01 
  1.071171e+02  -7.525781e+01 
  1.081081e+02  -8.313730e+01 
  1.090991e+02  -8.376179e+01 
  1.100901e+02  -8.410608e+01 
  1.110811e+02  -8.530013e+01 
  1.120721e+02  -8.524857e+01 
  1.130631e+02  -8.459232e+01 
  1.140541e+02  -8.416354e+01 
  1.150450e+02  -8.418134e+01 
  1.160360e+02  -8.423113e+01 
  1.170270e+02  -8.426260e+01 
  1.180180e+02  -8.431224e+01 
  1.190090e+02  -8.430201e+01 
  1.200000e+02  -8.427797e+01 
  1.209910e+02  -8.426365e+01 
  1.219820e+02  -8.431452e+01 
  1.229730e+02  -8.429064e+01 
  1.239640e+02  -8.432774e+01 
  1.249550e+02  -8.436514e+01 
  1.259459e+02  -8.443446e+01 
  1.269369e+02  -8.447330e+01 
  1.279279e+02  -8.449754e+01 
  1.289189e+02  -8.457964e+01 
  1.299099e+02  -8.469180e+01 
  1.309009e+02  -8.473887e+01 
  1.318919e+02  -8.495857e+01 
  1.328829e+02  -8.514324e+01 
  1.338739e+02  -8.539684e+01 
  1.348649e+02  -8.593941e+01 
  1.358559e+02  -8.664648e+01 
  1.368468e+02  -8.856935e+01 
  1.378378e+02  -9.144916e+01 
  1.388288e+02  -7.486857e+01 
  1.398198e+02  -7.634390e+01 
  1.408108e+02  -7.950444e+01 
  1.418018e+02  -8.069202e+01 
  1.427928e+02  -8.152498e+01 
  1.437838e+02  -8.195174e+01 
  1.447748e+02  -8.212359e+01 
  1.457658e+02  -8.279905e+01 
  1.467568e+02  -8.307874e+01 
  1.477477e+02  -8.216260e+01 
  1.487387e+02  -8.262196e+01 
  1.497297e+02  -8.014306e+01 
  1.507207e+02  -8.148299e+01 
  1.517117e+02  -8.226946e+01 
  1.527027e+02  -8.276524e+01 
  1.536937e+02  -8.205727e+01 
  1.546847e+02  -8.227785e+01 
  1.556757e+02  -8.219262e+01 
  1.566667e+02  -8.170290e+01 
  1.576577e+02  -8.151076e+01 
  1.586487e+02  -8.105316e+01 
  1.596396e+02  -8.008550e+01 
  1.606306e+02  -7.893383e+01 
  1.616216e+02  -7.659444e+01 
  1.626126e+02  -6.801785e+01 
  1.636036e+02  -7.040692e+01 
  1.645946e+02  -8.206139e+01 
  1.655856e+02  -8.818274e+01 
  1.665766e+02  -9.562108e+01 
  1.675676e+02  -8.981355e+01 
  1.685586e+02  -8.723543e+01 
  1.695495e+02  -8.751212e+01 
  1.705405e+02  -8.917236e+01 
  1.715315e+02  -9.267096e+01 
  1.725225e+02  -9.621698e+01 
  1.735135e+02  -8.114002e+01 
  1.745045e+02  -8.039143e+01 
  1.754955e+02  -8.323184e+01 
  1.764865e+02  -8.403690e+01 
  1.774775e+02  -8.381560e+01 
  1.784685e+02  -8.444741e+01 
  1.794595e+02  -8.435770e+01 
  1.804505e+02  -8.475488e+01 
  1.814414e+02  -8.456422e+01 
  1.824324e+02  -8.459514e+01 
  1.834234e+02  -8.460351e+01 
  1.844144e+02  -8.453011e+01 
  1.854054e+02  -8.459729e+01 
  1.863964e+02  -8.457650e+01 
  1.873874e+02  -8.456912e+01 
  1.883784e+02  -8.458424e+01 
  1.893694e+02  -8.468523e+01 
  1.903604e+02  -8.465734e+01 
  1.913513e+02  -8.467743e+01 
  1.923423e+02  -8.466929e+01 
  1.933333e+02  -8.466331e+01 
  1.943243e+02  -8.466819e+01 
  1.953153e+02  -8.463556e+01 
  1.963063e+02  -8.468938e+01 
  1.972973e+02  -8.463425e+01 
  1.982883e+02  -8.472281e+01 
  1.992793e+02  -8.471960e+01 
  2.002703e+02  -8.429887e+01 
  2.012613e+02  -8.430730e+01 
  2.022523e+02  -8.454262e+01 
  2.032432e+02  -8.478470e+01 
  2.042342e+02  -8.477834e+01 
  2.052252e+02  -8.476910e+01 
  2.062162e+02  -8.469687e+01 
  2.072072e+02  -8.474937e+01 
  2.081982e+02  -8.477798e+01 
  2.091892e+02  -8.471445e+01 
  2.101802e+02  -8.481251e+01 
  2.111712e+02  -8.477064e+01 
  2.121622e+02  -8.475156e+01 
  2.131532e+02  -8.478711e+01 
  2.141441e+02  -8.476629e+01 
  2.151351e+02  -8.477998e+01 
  2.161261e+02  -8.481750e+01 
  2.171171e+02  -8.483643e+01 
  2.181081e+02  -8.481290e+01 
  2.190991e+02  -8.476288e+01 
  2.200901e+02  -8.486069e+01 
  2.210811e+02  -8.541694e+01 
  2.220721e+02  -8.492805e+01 
  2.230631e+02  -8.491177e+01 
  2.240540e+02  -8.492293e+01 
  2.250450e+02  -8.489254e+01 
  2.260360e+02  -8.494095e+01 
  2.270270e+02  -8.490549e+01 
  2.280180e+02  -8.507561e+01 
  2.290090e+02  -8.477500e+01 
  2.300000e+02  -8.487941e+01 
  2.309910e+02  -8.479459e+01 
  2.319820e+02  -8.496912e+01 
  2.329730e+02  -8.489757e+01 
  2.339640e+02  -8.514448e+01 
  2.349550e+02  -8.485621e+01 
  2.359460e+02  -8.488201e+01 
  2.369369e+02  -8.488440e+01 
  2.379279e+02  -8.506781e+01 
  2.389189e+02  -8.483217e+01 
  2.399099e+02  -8.507269e+01 
  2.409009e+02  -8.484618e+01 
  2.418919e+02  -8.519347e+01 
  2.428829e+02  -8.505122e+01 
  2.438739e+02  -8.481355e+01 
  2.448649e+02  -8.518219e+01 
  2.458559e+02  -8.461281e+01 
  2.468468e+02  -8.490145e+01 
  2.478378e+02  -8.530057e+01 
  2.488288e+02  -8.417641e+01 
  2.498198e+02  -8.595789e+01 
  2.508108e+02  -8.422388e+01 
  2.518018e+02  -8.581786e+01 
  2.527928e+02  -8.471904e+01 
  2.537838e+02  -8.487819e+01 
  2.547748e+02  -8.533093e+01 
  2.557658e+02  -8.495784e+01 
  2.567567e+02  -8.494857e+01 
  2.577477e+02  -8.513993e+01 
  2.587387e+02  -8.509061e+01 
  2.597297e+02  -8.495112e+01 
  2.607207e+02  -8.516465e+01 
  2.617117e+02  -8.510978e+01 
  2.627027e+02  -8.494627e+01 
  2.636937e+02  -8.503368e+01 
  2.646847e+02  -8.514875e+01 
  2.656757e+02  -8.513548e+01 
  2.666667e+02  -8.508192e+01 
  2.676577e+02  -8.511308e+01 
  2.686487e+02  -8.514815e+01 
  2.696396e+02  -8.514916e+01 
  2.706306e+02  -8.501572e+01 
  2.716216e+02  -8.499500e+01 
  2.726126e+02  -8.517236e+01 
  2.736036e+02  -8.514027e+01 
  2.745946e+02  -8.508563e+01 
  2.755856e+02  -8.505064e+01 
  2.765766e+02  -8.505355e+01 
  2.775676e+02  -8.509758e+01 
  2.785586e+02  -8.512380e+01 
  2.795496e+02  -8.514131e+01 
  2.805405e+02  -8.514529e+01 
  2.815315e+02  -8.499802e+01 
  2.825225e+02  -8.508887e+01 
  2.835135e+02  -8.504366e+01 
  2.845045e+02  -8.512246e+01 
  2.854955e+02  -8.510826e+01 
  2.864865e+02  -8.502015e+01 
  2.874775e+02  -8.507332e+01 
  2.884685e+02  -8.502301e+01 
  2.894595e+02  -8.504602e+01 
  2.904504e+02  -8.496650e+01 
  2.914414e+02  -8.495979e+01 
  2.924324e+02  -8.499172e+01 
  2.934234e+02  -8.497997e+01 
  2.944144e+02  -8.497749e+01 
  2.954054e+02  -8.497652e+01 
  2.963964e+02  -8.487117e+01 
  2.973874e+02  -8.487083e+01 
  2.983784e+02  -8.488726e+01 
  2.993694e+02  -8.479410e+01 
  3.003604e+02  -8.478541e+01 
  3.013513e+02  -8.474934e+01 
  3.023423e+02  -8.476180e+01 
  3.033333e+02  -8.468161e+01 
  3.043243e+02  -8.463312e+01 
  3.053153e+02  -8.459920e+01 
  3.063063e+02  -8.453930e+01 
  3.072973e+02  -8.442936e+01 
  3.082883e+02  -8.441833e+01 
  3.092793e+02  -8.432471e+01 
  3.102703e+02  -8.423849e+01 
  3.112613e+02  -8.409380e+01 
  3.122523e+02  -8.399725e+01 
  3.132433e+02  -8.385123e+01 
  3.142342e+02  -8.370958e+01 
  3.152252e+02  -8.356242e+01 
  3.162162e+02  -8.327779e+01 
  3.172072e+02  -8.305891e+01 
  3.181982e+02  -8.279194e+01 
  3.191892e+02  -8.248619e+01 
  3.201802e+02  -8.202895e+01 
  3.211712e+02  -8.153870e+01 
  3.221622e+02  -8.090002e+01 
  3.231532e+02  -8.006067e+01 
  3.241441e+02  -7.905255e+01 
  3.251351e+02  -7.768477e+01 
  3.261261e+02  -7.564738e+01 
  3.271171e+02  -7.237173e+01 
  3.281081e+02  -6.584145e+01 
  3.290991e+02  -5.955032e+01 
  3.300901e+02  -6.596457e+01 
  3.310811e+02  -7.323714e+01 
  3.320721e+02  -8.039264e+01 
  3.330630e+02  -8.545054e+01 
  3.340540e+02  -8.498272e+01 
  3.350450e+02  -8.522993e+01 
  3.360360e+02  -8.687358e+01 
  3.370270e+02  -8.819714e+01 
  3.380180e+02  -8.848533e+01 
  3.390090e+02  -8.839893e+01 
  3.400000e+02  -8.851104e+01 
  3.409910e+02  -8.838481e+01 
  3.419820e+02  -8.790935e+01 
  3.429730e+02  -8.724842e+01 
  3.439640e+02  -8.646141e+01 
  3.449550e+02  -8.494520e+01 
  3.459460e+02  -8.325877e+01 
  3.469370e+02  -8.113203e+01 
  3.479279e+02  -7.839262e+01 
  3.489189e+02  -7.451683e+01 
  3.499099e+02  -6.861749e+01 
  3.509009e+02  -5.786451e+01 
  3.518919e+02  -6.354510e+01 
  3.528829e+02  -7.007880e+01 
  3.538739e+02  -7.353095e+01 
  3.548649e+02  -7.603925e+01 
  3.558559e+02  -7.774875e+01 
  3.568468e+02  -7.909527e+01 
  3.578378e+02  -8.019736e+01 
  3.588288e+02  -8.087101e+01 
  3.598198e+02  -8.130752e+01 
  3.608108e+02  -8.167455e+01 
  3.618018e+02  -8.203757e+01 
  3.627928e+02  -8.240541e+01 
  3.637838e+02  -8.276025e+01 
  3.647748e+02  -8.299947e+01 
  3.657658e+02  -8.320515e+01 
  3.667567e+02  -8.333380e+01 
  3.677477e+02  -8.352967e+01 
  3.687387e+02  -8.363324e+01 
  3.697297e+02  -8.373180e+01 
  3.707207e+02  -8.378016e+01 
  3.717117e+02  -8.380938e+01 
  3.727027e+02  -8.370114e+01 
  3.736937e+02  -8.352713e+01 
  3.746847e+02  -8.291685e+01 
  3.756757e+02  -8.025676e+01 
  3.766667e+02  -8.147686e+01 
  3.776577e+02  -8.905314e+01 
  3.786487e+02  -8.615471e+01 
  3.796396e+02  -8.612437e+01 
  3.806306e+02  -8.633992e+01 
  3.816216e+02  -8.598936e+01 
  3.826126e+02  -8.616838e+01 
  3.836036e+02  -8.618069e+01 
  3.845946e+02  -8.620531e+01 
  3.855856e+02  -8.634587e+01 
  3.865766e+02  -8.646815e+01 
  3.875676e+02  -8.661425e+01 
  3.885586e+02  -8.678526e+01 
  3.895496e+02  -8.700406e+01 
  3.905405e+02  -8.729221e+01 
  3.915315e+02  -8.769446e+01 
  3.925225e+02  -8.806689e+01 
  3.935135e+02  -8.872157e+01 
  3.945045e+02  -8.952684e+01 
  3.954955e+02  -9.097203e+01 
  3.964865e+02  -9.261324e+01 
  3.974775e+02  -9.256818e+01 
  3.984685e+02  -8.600085e+01 
  3.994595e+02  -7.593804e+01 
  4.004504e+02  -6.582500e+01 
  4.014414e+02  -6.999190e+01 
  4.024324e+02  -7.450917e+01 
  4.034234e+02  -7.716879e+01 
  4.044144e+02  -7.860767e+01 
  4.054054e+02  -7.926903e+01 
  4.063964e+02  -7.962632e+01 
  4.073874e+02  -7.966963e+01 
  4.083784e+02  -7.974323e+01 
  4.093694e+02  -7.962224e+01 
  4.103604e+02  -7.943850e+01 
  4.113513e+02  -7.908887e+01 
  4.123423e+02  -7.852246e+01 
  4.133333e+02  -7.766405e+01 
  4.143243e+02  -7.638885e+01 
  4.153153e+02  -7.414585e+01 
  4.163063e+02  -6.999476e+01 
  4.172973e+02  -6.162293e+01 
  4.182883e+02  -6.763306e+01 
  4.192793e+02  -7.759782e+01 
  4.202703e+02  -8.439982e+01 
  4.212613e+02  -8.935585e+01 
  4.222523e+02  -9.164185e+01 
  4.232433e+02  -9.218330e+01 
  4.242342e+02  -9.186635e+01 
  4.252252e+02  -9.086838e+01 
  4.262162e+02  -9.015508e+01 
  4.272072e+02  -8.979611e+01 
  4.281982e+02  -8.939890e+01 
  4.291892e+02  -8.903357e+01 
  4.301802e+02  -8.868397e+01 
  4.311712e+02  -8.856317e+01 
  4.321622e+02  -8.829917e+01 
  4.331532e+02  -8.823183e+01 
  4.341441e+02  -8.802823e+01 
  4.351351e+02  -8.790929e+01 
  4.361261e+02  -8.790838e+01 
  4.371171e+02  -8.766782e+01 
  4.381081e+02  -8.764276e+01 
  4.390991e+02  -8.752657e+01 
  4.400901e+02  -8.748165e+01 
  4.410811e+02  -8.745634e+01 
  4.420721e+02  -8.733736e+01 
  4.430630e+02  -8.735756e+01 
  4.440540e+02  -8.733214e+01 
  4.450450e+02  -8.723893e+01 
  4.460360e+02  -8.731282e+01 
  4.470270e+02  -8.719019e+01 
  4.480180e+02  -8.720090e+01 
  4.490090e+02  -8.746878e+01 
  4.500000e+02  -8.754252e+01 
  4.509910e+02  -8.719492e+01 
  4.519820e+02  -8.705628e+01 
  4.529730e+02  -8.705076e+01 
  4.539640e+02  -8.708356e+01 
  4.549550e+02  -8.707756e+01 
  4.559460e+02  -8.701427e+01 
  4.569370e+02  -8.705494e+01 
  4.579279e+02  -8.699709e+01 
  4.589189e+02  -8.698514e+01 
  4.599099e+02  -8.700475e+01 
  4.609009e+02  -8.701203e+01 
  4.618919e+02  -8.700950e+01 
  4.628829e+02  -8.692335e+01 
  4.638739e+02  -8.689900e+01 
  4.648649e+02  -8.700240e+01 
  4.658559e+02  -8.697090e+01 
  4.668468e+02  -8.700552e+01 
  4.678378e+02  -8.699960e+01 
  4.688288e+02  -8.692460e+01 
  4.698198e+02  -8.698397e+01 
  4.708108e+02  -8.695570e+01 
  4.718018e+02  -8.698460e+01 
  4.727928e+02  -8.695374e+01 
  4.737838e+02  -8.696664e+01 
  4.747748e+02  -8.697832e+01 
  4.757658e+02  -8.696060e+01 
  4.767567e+02  -8.700407e+01 
  4.777477e+02  -8.697041e+01 
  4.787387e+02  -8.696190e+01 
  4.797297e+02  -8.700362e+01 
  4.807207e+02  -8.699089e+01 
  4.817117e+02  -8.688250e+01 
  4.827027e+02  -8.690991e+01 
  4.836937e+02  -8.690661e+01 
  4.846847e+02  -8.693542e+01 
  4.856757e+02  -8.699476e+01 
  4.866667e+02  -8.694380e+01 
  4.876577e+02  -8.693459e+01 
  4.886487e+02  -8.702093e+01 
  4.896396e+02  -8.697300e+01 
  4.906306e+02  -8.701876e+01 
  4.916216e+02  -8.696404e+01 
  4.926126e+02  -8.692610e+01 
  4.936036e+02  -8.705325e+01 
  4.945946e+02  -8.698185e+01 
  4.955856e+02  -8.695850e+01 
  4.965766e+02  -8.697707e+01 
  4.975676e+02  -8.678094e+01 
  4.985586e+02  -8.701037e+01 
  4.995496e+02  -8.704102e+01 
  5.005405e+02  -8.701572e+01 
  5.015315e+02  -8.701823e+01 
  5.025225e+02  -8.702000e+01 
  5.035135e+02  -8.709649e+01 
  5.045045e+02  -8.702390e+01 
  5.054955e+02  -8.709279e+01 
  5.064865e+02  -8.701871e+01 
  5.074775e+02  -8.700491e+01 
  5.084685e+02  -8.699856e+01 
  5.094595e+02  -8.716616e+01 
  5.104504e+02  -8.699882e+01 
  5.114414e+02  -8.699588e+01 
  5.124324e+02  -8.703094e+01 
  5.134234e+02  -8.706710e+01 
  5.144144e+02  -8.706986e+01 
  5.154054e+02  -8.704285e+01 
  5.163964e+02  -8.710699e+01 
  5.173874e+02  -8.711513e+01 
  5.183784e+02  -8.707993e+01 
  5.193694e+02  -8.710628e+01 
  5.203604e+02  -8.706660e+01 
  5.213514e+02  -8.711153e+01 
  5.223423e+02  -8.707922e+01 
  5.233333e+02  -8.704182e+01 
  5.243243e+02  -8.708017e+01 
  5.253153e+02  -8.708437e+01 
  5.263063e+02  -8.709911e+01 
  5.272973e+02  -8.715637e+01 
  5.282883e+02  -8.718279e+01 
  5.292793e+02  -8.719077e+01 
  5.302703e+02  -8.719554e+01 
  5.312613e+02  -8.715839e+01 
  5.322523e+02  -8.708741e+01 
  5.332432e+02  -8.710961e+01 
  5.342343e+02  -8.719109e+01 
  5.352252e+02  -8.722819e+01 
  5.362162e+02  -8.716432e+01 
  5.372072e+02  -8.718604e+01 
  5.381982e+02  -8.722732e+01 
  5.391892e+02  -8.714072e+01 
  5.401802e+02  -8.712113e+01 
  5.411711e+02  -8.718964e+01 
  5.421622e+02  -8.719280e+01 
  5.431531e+02  -8.718933e+01 
  5.441442e+02  -8.726360e+01 
  5.451351e+02  -8.719751e+01 
  5.461261e+02  -8.717892e+01 
  5.471171e+02  -8.732422e+01 
  5.481081e+02  -8.708825e+01 
  5.490991e+02  -8.794751e+01 
  5.500901e+02  -8.803622e+01 
  5.510811e+02  -8.706418e+01 
  5.520721e+02  -8.735664e+01 
  5.530630e+02  -8.719194e+01 
  5.540541e+02  -8.726578e+01 
  5.550450e+02  -8.723437e+01 
  5.560360e+02  -8.729366e+01 
  5.570270e+02  -8.734576e+01 
  5.580180e+02  -8.726212e+01 
  5.590090e+02  -8.731013e+01 
  5.600000e+02  -8.728774e+01 
  5.609910e+02  -8.728564e+01 
  5.619820e+02  -8.733040e+01 
  5.629730e+02  -8.728779e+01 
  5.639640e+02  -8.733478e+01 
  5.649550e+02  -8.737980e+01 
  5.659459e+02  -8.728329e+01 
  5.669370e+02  -8.732244e+01 
  5.679279e+02  -8.742568e+01 
  5.689189e+02  -8.735929e+01 
  5.699099e+02  -8.733492e+01 
  5.709009e+02  -8.739532e+01 
  5.718919e+02  -8.740066e+01 
  5.728829e+02  -8.744523e+01 
  5.738739e+02  -8.741476e+01 
  5.748649e+02  -8.738386e+01 
  5.758558e+02  -8.740161e+01 
  5.768469e+02  -8.740683e+01 
  5.778378e+02  -8.743871e+01 
  5.788289e+02  -8.737233e+01 
  5.798198e+02  -8.742166e+01 
  5.808108e+02  -8.744348e+01 
  5.818018e+02  -8.747902e+01 
  5.827928e+02  -8.751260e+01 
  5.837838e+02  -8.749570e+01 
  5.847748e+02  -8.750729e+01 
  5.857657e+02  -8.750458e+01 
  5.867568e+02  -8.750455e+01 
  5.877477e+02  -8.755981e+01 
  5.887387e+02  -8.749407e+01 
  5.897297e+02  -8.756438e+01 
  5.907207e+02  -8.753046e+01 
  5.917117e+02  -8.752821e+01 
  5.927027e+02  -8.759428e+01 
  5.936937e+02  -8.758904e+01 
  5.946847e+02  -8.761544e+01 
  5.956757e+02  -8.757834e+01 
  5.966667e+02  -8.758923e+01 
  5.976577e+02  -8.764230e+01 
  5.986486e+02  -8.767608e+01 
  5.996396e+02  -8.760682e+01 
  6.006306e+02  -8.766531e+01 
  6.016216e+02  -8.776705e+01 
  6.026126e+02  -8.762434e+01 
  6.036036e+02  -8.770840e+01 
  6.045946e+02  -8.778558e+01 
  6.055856e+02  -8.776906e+01 
  6.065766e+02  -8.776993e+01 
  6.075676e+02  -8.773994e+01 
  6.085585e+02  -8.782849e+01 
  6.095496e+02  -8.789310e+01 
  6.105405e+02  -8.791174e+01 
  6.115316e+02  -8.785453e+01 
  6.125225e+02  -8.785829e+01 
  6.135135e+02  -8.793749e+01 
  6.145045e+02  -8.798696e+01 
  6.154955e+02  -8.801830e+01 
  6.164865e+02  -8.804815e+01 
  6.174775e+02  -8.806597e+01 
  6.184684e+02  -8.809270e+01 
  6.194595e+02  -8.817811e+01 
  6.204504e+02  -8.823662e+01 
  6.214415e+02  -8.831276e+01 
  6.224324e+02  -8.833403e+01 
  6.234234e+02  -8.835990e+01 
  6.244144e+02  -8.844371e+01 
  6.254054e+02  -8.860737e+01 
  6.263964e+02  -8.861985e+01 
  6.273874e+02  -8.880637e+01 
  6.283784e+02  -8.900005e+01 
  6.293694e+02  -8.906583e+01 
  6.303604e+02  -8.924599e+01 
  6.313514e+02  -8.945266e+01 
  6.323423e+02  -8.974400e+01 
  6.333333e+02  -9.009785e+01 
  6.343243e+02  -9.068082e+01 
  6.353153e+02  -9.117253e+01 
  6.363063e+02  -9.238259e+01 
  6.372973e+02  -9.262775e+01 
  6.382883e+02  -9.450745e+01 
  6.392793e+02  -9.492381e+01 
  6.402703e+02  -9.082298e+01 
  6.412613e+02  -8.296856e+01 
  6.422523e+02  -7.044021e+01 
  6.432432e+02  -6.606917e+01 
  6.442343e+02  -7.801038e+01 
  6.452252e+02  -7.708517e+01 
  6.462162e+02  -7.968505e+01 
  6.472072e+02  -7.991034e+01 
  6.481982e+02  -7.873738e+01 
  6.491892e+02  -7.458899e+01 
  6.501802e+02  -7.683810e+01 
  6.511711e+02  -9.109243e+01 
  6.521622e+02  -9.018739e+01 
  6.531531e+02  -8.805527e+01 
  6.541442e+02  -8.774771e+01 
  6.551351e+02  -8.766002e+01 
  6.561261e+02  -8.755740e+01 
  6.571171e+02  -8.763913e+01 
  6.581081e+02  -8.778062e+01 
  6.590991e+02  -8.798221e+01 
  6.600901e+02  -8.844660e+01 
  6.610811e+02  -8.905245e+01 
  6.620721e+02  -9.031736e+01 
  6.630630e+02  -9.284722e+01 
  6.640541e+02  -9.847288e+01 
  6.650450e+02  -8.280940e+01 
  6.660360e+02  -7.274918e+01 
  6.670270e+02  -7.573641e+01 
  6.680180e+02  -8.070170e+01 
  6.690090e+02  -8.162994e+01 
  6.700000e+02  -8.206942e+01 
  6.709910e+02  -8.243370e+01 
  6.719820e+02  -8.262116e+01 
  6.729730e+02  -8.275334e+01 
  6.739640e+02  -8.284287e+01 
  6.749550e+02  -8.272866e+01 
  6.759459e+02  -8.264305e+01 
  6.769370e+02  -8.250043e+01 
  6.779279e+02  -8.225285e+01 
  6.789189e+02  -8.197339e+01 
  6.799099e+02  -8.157246e+01 
  6.809009e+02  -8.106557e+01 
  6.818919e+02  -8.041555e+01 
  6.828829e+02  -7.953086e+01 
  6.838739e+02  -7.834239e+01 
  6.848649e+02  -7.658040e+01 
  6.858558e+02  -7.385786e+01 
  6.868469e+02  -6.854884e+01 
  6.878378e+02  -6.291261e+01 
  6.888289e+02  -6.918158e+01 
  6.898198e+02  -7.824647e+01 
  6.908108e+02  -8.386374e+01 
  6.918018e+02  -8.740788e+01 
  6.927928e+02  -9.009232e+01 
  6.937838e+02  -9.199382e+01 
  6.947748e+02  -9.339326e+01 
  6.957657e+02  -9.415395e+01 
  6.967568e+02  -9.422749e+01 
  6.977477e+02  -9.418327e+01 
  6.987387e+02  -9.394723e+01 
  6.997297e+02  -9.369224e+01 
  7.007207e+02  -9.351485e+01 
  7.017117e+02  -9.359269e+01 
  7.027027e+02  -9.351917e+01 
  7.036937e+02  -9.372453e+01 
  7.046847e+02  -9.378637e+01 
  7.056757e+02  -9.438513e+01 
  7.066667e+02  -9.513194e+01 
  7.076577e+02  -9.568057e+01 
  7.086486e+02  -9.030488e+01 
  7.096396e+02  -7.892778e+01 
  7.106306e+02  -7.873941e+01 
  7.116216e+02  -8.389268e+01 
  7.126126e+02  -8.575390e+01 
  7.136036e+02  -8.664545e+01 
  7.145946e+02  -8.717684e+01 
  7.155856e+02  -8.740424e+01 
  7.165766e+02  -8.770625e+01 
  7.175676e+02  -8.774849e+01 
  7.185585e+02  -8.787833e+01 
  7.195496e+02  -8.788225e+01 
  7.205405e+02  -8.777302e+01 
  7.215316e+02  -8.760522e+01 
  7.225225e+02  -8.724216e+01 
  7.235135e+02  -8.657443e+01 
  7.245045e+02  -8.526060e+01 
  7.254955e+02  -8.232932e+01 
  7.264865e+02  -7.635845e+01 
  7.274775e+02  -7.830331e+01 
  7.284684e+02  -8.637881e+01 
  7.294595e+02  -8.822790e+01 
  7.304504e+02  -8.723585e+01 
  7.314415e+02  -8.290722e+01 
  7.324324e+02  -7.310551e+01 
  7.334234e+02  -7.382632e+01 
  7.344144e+02  -8.088280e+01 
  7.354054e+02  -8.407620e+01 
  7.363964e+02  -8.707305e+01 
  7.373874e+02  -8.568104e+01 
  7.383784e+02  -8.257542e+01 
  7.393694e+02  -8.456328e+01 
  7.403604e+02  -8.535322e+01 
  7.413514e+02  -8.584443e+01 
  7.423423e+02  -8.614330e+01 
  7.433333e+02  -8.635400e+01 
  7.443243e+02  -8.653326e+01 
  7.453153e+02  -8.673038e+01 
  7.463063e+02  -8.677028e+01 
  7.472973e+02  -8.700079e+01 
  7.482883e+02  -8.695207e+01 
  7.492793e+02  -8.668640e+01 
  7.502703e+02  -8.707787e+01 
  7.512613e+02  -8.717640e+01 
  7.522523e+02  -8.736922e+01 
  7.532432e+02  -8.735096e+01 
  7.542343e+02  -8.733752e+01 
  7.552252e+02  -8.741181e+01 
  7.562162e+02  -8.754789e+01 
  7.572072e+02  -8.749805e+01 
  7.581982e+02  -8.756111e+01 
  7.591892e+02  -8.758099e+01 
  7.601802e+02  -8.755779e+01 
  7.611711e+02  -8.759909e+01 
  7.621622e+02  -8.765015e+01 
  7.631531e+02  -8.765348e+01 
  7.641442e+02  -8.769041e+01 
  7.651351e+02  -8.764730e+01 
  7.661261e+02  -8.769305e+01 
  7.671171e+02  -8.769570e+01 
  7.681081e+02  -8.771380e+01 
  7.690991e+02  -8.775810e+01 
  7.700901e+02  -8.776637e+01 
  7.710811e+02  -8.777997e+01 
  7.720721e+02  -8.777880e+01 
  7.730630e+02  -8.782277e+01 
  7.740541e+02  -8.784534e+01 
  7.750450e+02  -8.780091e+01 
  7.760360e+02  -8.774799e+01 
  7.770270e+02  -8.786265e+01 
  7.780180e+02  -8.784599e+01 
  7.790090e+02  -8.785459e+01 
  7.800000e+02  -8.790166e+01 
  7.809910e+02  -8.787630e+01 
  7.819820e+02  -8.781420e+01 
  7.829730e+02  -8.788808e+01 
  7.839640e+02  -8.788111e+01 
  7.849550e+02  -8.797448e+01 
  7.859459e+02  -8.789444e+01 
  7.869370e+02  -8.788986e+01 
  7.879279e+02  -8.792111e+01 
  7.889189e+02  -8.789294e+01 
  7.899099e+02  -8.800941e+01 
  7.909009e+02  -8.797601e+01 
  7.918919e+02  -8.795908e+01 
  7.928829e+02  -8.793710e+01 
  7.938739e+02  -8.784814e+01 
  7.948649e+02  -8.796908e+01 
  7.958558e+02  -8.794815e+01 
  7.968469e+02  -8.798404e+01 
  7.978378e+02  -8.804462e+01 
  7.988289e+02  -8.798610e+01 
  7.998198e+02  -8.800533e+01 
  8.008108e+02  -8.795427e+01 
  8.018018e+02  -8.806305e+01 
  8.027928e+02  -8.800478e+01 
  8.037838e+02  -8.803880e+01 
  8.047748e+02  -8.798514e+01 
  8.057657e+02  -8.805916e+01 
  8.067568e+02  -8.805608e+01 
  8.077477e+02  -8.799004e+01 
  8.087387e+02  -8.796143e+01 
  8.097297e+02  -8.801450e+01 
  8.107207e+02  -8.806333e+01 
  8.117117e+02  -8.805710e+01 
  8.127027e+02  -8.800467e+01 
  8.136937e+02  -8.805416e+01 
  8.146847e+02  -8.805280e+01 
  8.156757e+02  -8.805904e+01 
  8.166667e+02  -8.801978e+01 
  8.176577e+02  -8.799842e+01 
  8.186486e+02  -8.812069e+01 
  8.196396e+02  -8.810344e+01 
  8.206306e+02  -8.811310e+01 
  8.216216e+02  -8.806312e+01 
  8.226126e+02  -8.807249e+01 
  8.236036e+02  -8.809351e+01 
  8.245946e+02  -8.812796e+01 
  8.255856e+02  -8.808466e+01 
  8.265766e+02  -8.806150e+01 
  8.275676e+02  -8.816967e+01 
  8.285585e+02  -8.812231e+01 
  8.295496e+02  -8.803632e+01 
  8.305405e+02  -8.809675e+01 
  8.315316e+02  -8.805792e+01 
  8.325225e+02  -8.808542e+01 
  8.335135e+02  -8.812824e+01 
  8.345045e+02  -8.809370e+01 
  8.354955e+02  -8.810580e+01 
  8.364865e+02  -8.809949e+01 
  8.374775e+02  -8.816128e+01 
  8.384684e+02  -8.813645e+01 
  8.394595e+02  -8.813944e+01 
  8.404504e+02  -8.814684e+01 
  8.414415e+02  -8.818713e+01 
  8.424324e+02  -8.814069e+01 
  8.434234e+02  -8.814237e+01 
  8.444144e+02  -8.808913e+01 
  8.454054e+02  -8.819112e+01 
  8.463964e+02  -8.819426e+01 
  8.473874e+02  -8.813951e+01 
  8.483784e+02  -8.819653e+01 
  8.493694e+02  -8.816976e+01 
  8.503604e+02  -8.817185e+01 
  8.513514e+02  -8.820634e+01 
  8.523423e+02  -8.820829e+01 
  8.533333e+02  -8.822002e+01 
  8.543243e+02  -8.815858e+01 
  8.553153e+02  -8.818153e+01 
  8.563063e+02  -8.819978e+01 
  8.572973e+02  -8.817317e+01 
  8.582883e+02  -8.824609e+01 
  8.592793e+02  -8.816294e+01 
  8.602703e+02  -8.818137e+01 
  8.612613e+02  -8.817352e+01 
  8.622523e+02  -8.826775e+01 
  8.632432e+02  -8.819524e+01 
  8.642343e+02  -8.820941e+01 
  8.652252e+02  -8.819820e+01 
  8.662162e+02  -8.818351e+01 
  8.672072e+02  -8.825806e+01 
  8.681982e+02  -8.823135e+01 
  8.691892e+02  -8.827925e+01 
  8.701802e+02  -8.822202e+01 
  8.711711e+02  -8.821156e+01 
  8.721622e+02  -8.815598e+01 
  8.731531e+02  -8.825112e+01 
  8.741442e+02  -8.822699e+01 
  8.751351e+02  -8.821899e+01 
  8.761261e+02  -8.818081e+01 
  8.771171e+02  -8.821735e+01 
  8.781081e+02  -8.820023e+01 
  8.790991e+02  -8.824114e+01 
  8.800901e+02  -8.823679e+01 
  8.810811e+02  -8.818780e+01 
  8.820721e+02  -8.829007e+01 
  8.830630e+02  -8.822571e+01 
  8.840541e+02  -8.824255e+01 
  8.850450e+02  -8.827435e+01 
  8.860360e+02  -8.828585e+01 
  8.870270e+02  -8.825535e+01 
  8.880180e+02  -8.830568e+01 
  8.890090e+02  -8.825457e+01 
  8.900000e+02  -8.834900e+01 
  8.909910e+02  -8.826564e+01 
  8.919820e+02  -8.822866e+01 
  8.929730e+02  -8.830924e+01 
  8.939640e+02  -8.816904e+01 
  8.949550e+02  -8.827991e+01 
  8.959459e+02  -8.824946e+01 
  8.969370e+02  -8.831033e+01 
  8.979279e+02  -8.835535e+01 
  8.989189e+02  -8.830337e+01 
  8.999099e+02  -8.830424e+01 
  9.009009e+02  -8.829395e+01 
  9.018919e+02  -8.826152e+01 
  9.028829e+02  -8.835020e+01 
  9.038739e+02  -8.827145e+01 
  9.048649e+02  -8.837833e+01 
  9.058558e+02  -8.834039e+01 
  9.068469e+02  -8.832362e+01 
  9.078378e+02  -8.828194e+01 
  9.088289e+02  -8.833342e+01 
  9.098198e+02  -8.831789e+01 
  9.108108e+02  -8.829743e+01 
  9.118018e+02  -8.835155e+01 
  9.127928e+02  -8.831597e+01 
  9.137838e+02  -8.836082e+01 
  9.147748e+02  -8.837882e+01 
  9.157657e+02  -8.835518e+01 
  9.167568e+02  -8.831699e+01 
  9.177477e+02  -8.832575e+01 
  9.187387e+02  -8.831196e+01 
  9.197297e+02  -8.833476e+01 
  9.207207e+02  -8.831508e+01 
  9.217117e+02  -8.830561e+01 
  9.227027e+02  -8.839375e+01 
  9.236937e+02  -8.837218e+01 
  9.246847e+02  -8.831635e+01 
  9.256757e+02  -8.830909e+01 
  9.266667e+02  -8.830986e+01 
  9.276577e+02  -8.841238e+01 
  9.286486e+02  -8.836764e+01 
  9.296396e+02  -8.834985e+01 
  9.306306e+02  -8.837871e+01 
  9.316216e+02  -8.834721e+01 
  9.326126e+02  -8.844022e+01 
  9.336036e+02  -8.840682e+01 
  9.345946e+02  -8.837508e+01 
  9.355856e+02  -8.839417e+01 
  9.365766e+02  -8.838268e+01 
  9.375676e+02  -8.832307e+01 
  9.385585e+02  -8.836467e+01 
  9.395496e+02  -8.837201e+01 
  9.405405e+02  -8.837938e+01 
  9.415316e+02  -8.840038e+01 
  9.425225e+02  -8.839027e+01 
  9.435135e+02  -8.838360e+01 
  9.445045e+02  -8.839903e+01 
  9.454955e+02  -8.839208e+01 
  9.464865e+02  -8.837509e+01 
  9.474775e+02  -8.838814e+01 
  9.484684e+02  -8.842329e+01 
  9.494595e+02  -8.831116e+01 
  9.504504e+02  -8.853616e+01 
  9.514415e+02  -8.849083e+01 
  9.524324e+02  -8.834695e+01 
  9.534234e+02  -8.833150e+01 
  9.544144e+02  -8.835925e+01 
  9.554054e+02  -8.846919e+01 
  9.563964e+02  -8.833076e+01 
  9.573874e+02  -8.837201e+01 
  9.583784e+02  -8.837699e+01 
  9.593694e+02  -8.843610e+01 
  9.603604e+02  -8.836024e+01 
  9.613514e+02  -8.839780e+01 
  9.623423e+02  -8.833706e+01 
  9.633333e+02  -8.827880e+01 
  9.643243e+02  -8.830057e+01 
  9.653153e+02  -8.822265e+01 
  9.663063e+02  -8.819104e+01 
  9.672973e+02  -8.790039e+01 
  9.682883e+02  -8.703716e+01 
  9.692793e+02  -8.803338e+01 
  9.702703e+02  -8.940798e+01 
  9.712613e+02  -8.868835e+01 
  9.722523e+02  -8.871105e+01 
  9.732432e+02  -8.872070e+01 
  9.742343e+02  -8.855036e+01 
  9.752252e+02  -8.861421e+01 
  9.762162e+02  -8.855527e+01 
  9.772072e+02  -8.855860e+01 
  9.781982e+02  -8.853550e+01 
  9.791892e+02  -8.857668e+01 
  9.801802e+02  -8.858392e+01 
  9.811711e+02  -8.853103e+01 
  9.821622e+02  -8.851266e+01 
  9.831531e+02  -8.854799e+01 
  9.841442e+02  -8.853297e+01 
  9.851351e+02  -8.849105e+01 
  9.861261e+02  -8.850193e+01 
  9.871171e+02  -8.850887e+01 
  9.881081e+02  -8.849922e+01 
  9.890991e+02  -8.846062e+01 
  9.900901e+02  -8.850319e+01 
  9.910811e+02  -8.851196e+01 
  9.920721e+02  -8.844479e+01 
  9.930630e+02  -8.852478e+01 
  9.940541e+02  -8.852797e+01 
  9.950450e+02  -8.851017e+01 
  9.960360e+02  -8.847339e+01 
  9.970270e+02  -8.842480e+01 
  9.980180e+02  -8.848238e+01 
  9.990090e+02  -8.846133e+01 
  1.000000e+03  -8.841631e+01 