  1.000000e+01  -9.519853e+01 
  1.099099e+01  -9.385559e+01 
  1.198198e+01  -9.288291e+01 
  1.297297e+01  -8.097198e+01 
  1.396396e+01  -8.245367e+01 
  1.495496e+01  -8.827878e+01 
  1.594595e+01  -8.985405e+01 
  1.693694e+01  -8.436138e+01 
  1.792793e+01  -8.941633e+01 
  1.891892e+01  -8.709039e+01 
  1.990991e+01  -8.316358e+01 
  2.090090e+01  -8.658129e+01 
  2.189189e+01  -8.232007e+01 
  2.288288e+01  -8.023276e+01 
  2.387387e+01  -8.161759e+01 
  2.486486e+01  -7.366638e+01 
  2.585586e+01  -6.097794e+01 
  2.684685e+01  -6.525522e+01 
  2.783784e+01  -7.509856e+01 
  2.882883e+01  -8.243089e+01 
  2.981982e+01  -8.735355e+01 
  3.081081e+01  -9.923992e+01 
  3.180180e+01  -9.552174e+01 
  3.279279e+01  -9.888599e+01 
  3.378378e+01  -1.004180e+02 
  3.477478e+01  -9.735504e+01 
  3.576577e+01  -9.526292e+01 
  3.675676e+01  -9.568562e+01 
  3.774775e+01  -9.467780e+01 
  3.873874e+01  -9.370213e+01 
  3.972973e+01  -9.516894e+01 
  4.072072e+01  -9.598227e+01 
  4.171171e+01  -9.552435e+01 
  4.270270e+01  -9.576846e+01 
  4.369370e+01  -9.191946e+01 
  4.468468e+01  -9.635734e+01 
  4.567567e+01  -9.424360e+01 
  4.666667e+01  -9.497964e+01 
  4.765766e+01  -9.351871e+01 
  4.864865e+01  -9.734863e+01 
  4.963964e+01  -8.788293e+01 
  5.063063e+01  -9.064027e+01 
  5.162162e+01  -9.389569e+01 
  5.261261e+01  -9.169853e+01 
  5.360360e+01  -8.738055e+01 
  5.459459e+01  -8.295905e+01 
  5.558559e+01  -7.485776e+01 
  5.657658e+01  -6.416228e+01 
  5.756757e+01  -6.773112e+01 
  5.855856e+01  -7.419212e+01 
  5.954955e+01  -7.947865e+01 
  6.054054e+01  -8.340043e+01 
  6.153153e+01  -8.421638e+01 
  6.252252e+01  -8.320682e+01 
  6.351351e+01  -8.205040e+01 
  6.450450e+01  -8.277590e+01 
  6.549550e+01  -8.401216e+01 
  6.648649e+01  -8.506752e+01 
  6.747748e+01  -8.520218e+01 
  6.846847e+01  -8.522079e+01 
  6.945946e+01  -8.501540e+01 
  7.045045e+01  -8.501524e+01 
  7.144144e+01  -8.509377e+01 
  7.243243e+01  -8.509689e+01 
  7.342342e+01  -8.541895e+01 
  7.441441e+01  -8.569162e+01 
  7.540540e+01  -8.580282e+01 
  7.639639e+01  -8.606892e+01 
  7.738739e+01  -8.642894e+01 
  7.837838e+01  -8.680817e+01 
  7.936937e+01  -8.743177e+01 
  8.036036e+01  -8.817729e+01 
  8.135135e+01  -8.962143e+01 
  8.234234e+01  -9.233556e+01 
  8.333334e+01  -8.524268e+01 
  8.432433e+01  -7.357948e+01 
  8.531532e+01  -7.613566e+01 
  8.630630e+01  -7.859412e+01 
  8.729729e+01  -8.048501e+01 
  8.828829e+01  -8.230681e+01 
  8.927928e+01  -8.317714e+01 
  9.027027e+01  -8.310908e+01 
  9.126126e+01  -8.265462e+01 
  9.225225e+01  -8.306666e+01 
  9.324324e+01  -8.355693e+01 
  9.423424e+01  -8.320825e+01 
  9.522523e+01  -8.327803e+01 
  9.621622e+01  -8.347555e+01 
  9.720721e+01  -8.328004e+01 
  9.819820e+01  -8.343009e+01 
  9.918919e+01  -8.317069e+01 
  1.001802e+02  -8.326958e+01 
  1.011712e+02  -8.306409e+01 
  1.021622e+02  -8.290856e+01 
  1.031532e+02  -8.274527e+01 
  1.041441e+02  -8.237434e+01 
  1.051351e+02  -8.187444e+01 
  1.061261e+02  -8.087567e+01 
  1.071171e+02  -7.880241e+01 
  1.081081e+02  -7.207790e+01 
  1.090991e+02  -7.098661e+01 
  1.100901e+02  -8.432854e+01 
  1.110811e+02  -8.467348e+01 
  1.120721e+02  -8.575735e+01 
  1.130631e+02  -8.766145e+01 
  1.140541e+02  -8.540489e+01 
  1.150450e+02  -8.692529e+01 
  1.160360e+02  -8.542970e+01 
  1.170270e+02  -8.630087e+01 
  1.180180e+02  -8.539852e+01 
  1.190090e+02  -8.594706e+01 
  1.200000e+02  -8.538171e+01 
  1.209910e+02  -8.564465e+01 
  1.219820e+02  -8.548631e+01 
  1.229730e+02  -8.545723e+01 
  1.239640e+02  -8.537641e+01 
  1.249550e+02  -8.518747e+01 
  1.259459e+02  -8.565678e+01 
  1.269369e+02  -8.470820e+01 
  1.279279e+02  -8.573749e+01 
  1.289189e+02  -8.496325e+01 
  1.299099e+02  -8.518751e+01 
  1.309009e+02  -8.524489e+01 
  1.318919e+02  -8.518559e+01 
  1.328829e+02  -8.515274e+01 
  1.338739e+02  -8.514538e+01 
  1.348649e+02  -8.514129e+01 
  1.358559e+02  -8.520440e+01 
  1.368468e+02  -8.509335e+01 
  1.378378e+02  -8.501730e+01 
  1.388288e+02  -8.548476e+01 
  1.398198e+02  -8.464908e+01 
  1.408108e+02  -8.512805e+01 
  1.418018e+02  -8.514789e+01 
  1.427928e+02  -8.507046e+01 
  1.437838e+02  -8.495174e+01 
  1.447748e+02  -8.503659e+01 
  1.457658e+02  -8.523646e+01 
  1.467568e+02  -8.511395e+01 
  1.477477e+02  -8.469151e+01 
  1.487387e+02  -8.520458e+01 
  1.497297e+02  -8.940398e+01 
  1.507207e+02  -8.509565e+01 
  1.517117e+02  -8.566431e+01 
  1.527027e+02  -8.500413e+01 
  1.536937e+02  -8.475875e+01 
  1.546847e+02  -8.508946e+01 
  1.556757e+02  -8.525692e+01 
  1.566667e+02  -8.498944e+01 
  1.576577e+02  -8.485857e+01 
  1.586487e+02  -8.521426e+01 
  1.596396e+02  -8.522120e+01 
  1.606306e+02  -8.502789e+01 
  1.616216e+02  -8.497852e+01 
  1.626126e+02  -8.506572e+01 
  1.636036e+02  -8.516974e+01 
  1.645946e+02  -8.482738e+01 
  1.655856e+02  -8.527593e+01 
  1.665766e+02  -8.523448e+01 
  1.675676e+02  -8.498792e+01 
  1.685586e+02  -8.518209e+01 
  1.695495e+02  -8.506160e+01 
  1.705405e+02  -8.501669e+01 
  1.715315e+02  -8.508094e+01 
  1.725225e+02  -8.510061e+01 
  1.735135e+02  -8.512733e+01 
  1.745045e+02  -8.515009e+01 
  1.754955e+02  -8.511644e+01 
  1.764865e+02  -8.501347e+01 
  1.774775e+02  -8.501308e+01 
  1.784685e+02  -8.509438e+01 
  1.794595e+02  -8.508263e+01 
  1.804505e+02  -8.513920e+01 
  1.814414e+02  -8.513478e+01 
  1.824324e+02  -8.517896e+01 
  1.834234e+02  -8.511254e+01 
  1.844144e+02  -8.518536e+01 
  1.854054e+02  -8.504302e+01 
  1.863964e+02  -8.511066e+01 
  1.873874e+02  -8.506918e+01 
  1.883784e+02  -8.518095e+01 
  1.893694e+02  -8.506014e+01 
  1.903604e+02  -8.512389e+01 
  1.913513e+02  -8.518166e+01 
  1.923423e+02  -8.510933e+01 
  1.933333e+02  -8.509007e+01 
  1.943243e+02  -8.511176e+01 
  1.953153e+02  -8.512059e+01 
  1.963063e+02  -8.521570e+01 
  1.972973e+02  -8.514436e+01 
  1.982883e+02  -8.518218e+01 
  1.992793e+02  -8.518888e+01 
  2.002703e+02  -8.505477e+01 
  2.012613e+02  -8.511227e+01 
  2.022523e+02  -8.510326e+01 
  2.032432e+02  -8.510229e+01 
  2.042342e+02  -8.512702e+01 
  2.052252e+02  -8.514426e+01 
  2.062162e+02  -8.505229e+01 
  2.072072e+02  -8.509343e+01 
  2.081982e+02  -8.513120e+01 
  2.091892e+02  -8.511295e+01 
  2.101802e+02  -8.511638e+01 
  2.111712e+02  -8.511224e+01 
  2.121622e+02  -8.509280e+01 
  2.131532e+02  -8.512177e+01 
  2.141441e+02  -8.509001e+01 
  2.151351e+02  -8.510344e+01 
  2.161261e+02  -8.514478e+01 
  2.171171e+02  -8.502903e+01 
  2.181081e+02  -8.515105e+01 
  2.190991e+02  -8.506091e+01 
  2.200901e+02  -8.506852e+01 
  2.210811e+02  -8.506229e+01 
  2.220721e+02  -8.501701e+01 
  2.230631e+02  -8.504818e+01 
  2.240540e+02  -8.503449e+01 
  2.250450e+02  -8.499586e+01 
  2.260360e+02  -8.504471e+01 
  2.270270e+02  -8.489673e+01 
  2.280180e+02  -8.493240e+01 
  2.290090e+02  -8.469839e+01 
  2.300000e+02  -8.483552e+01 
  2.309910e+02  -8.474853e+01 
  2.319820e+02  -8.470805e+01 
  2.329730e+02  -8.469814e+01 
  2.339640e+02  -8.469629e+01 
  2.349550e+02  -8.467207e+01 
  2.359460e+02  -8.450796e+01 
  2.369369e+02  -8.436483e+01 
  2.379279e+02  -8.431287e+01 
  2.389189e+02  -8.420477e+01 
  2.399099e+02  -8.402103e+01 
  2.409009e+02  -8.383416e+01 
  2.418919e+02  -8.366548e+01 
  2.428829e+02  -8.333660e+01 
  2.438739e+02  -8.299123e+01 
  2.448649e+02  -8.258894e+01 
  2.458559e+02  -8.197076e+01 
  2.468468e+02  -8.113400e+01 
  2.478378e+02  -7.978673e+01 
  2.488288e+02  -7.764802e+01 
  2.498198e+02  -7.291202e+01 
  2.508108e+02  -6.898740e+01 
  2.518018e+02  -7.451798e+01 
  2.527928e+02  -7.008918e+01 
  2.537838e+02  -7.999381e+01 
  2.547748e+02  -8.369254e+01 
  2.557658e+02  -8.776398e+01 
  2.567567e+02  -8.753767e+01 
  2.577477e+02  -8.798022e+01 
  2.587387e+02  -8.554447e+01 
  2.597297e+02  -7.908530e+01 
  2.607207e+02  -7.253967e+01 
  2.617117e+02  -7.652231e+01 
  2.627027e+02  -8.108735e+01 
  2.636937e+02  -8.576588e+01 
  2.646847e+02  -8.710814e+01 
  2.656757e+02  -8.641919e+01 
  2.666667e+02  -8.774712e+01 
  2.676577e+02  -8.779372e+01 
  2.686487e+02  -8.836763e+01 
  2.696396e+02  -8.882990e+01 
  2.706306e+02  -8.918134e+01 
  2.716216e+02  -8.983195e+01 
  2.726126e+02  -9.062794e+01 
  2.736036e+02  -9.136069e+01 
  2.745946e+02  -9.173390e+01 
  2.755856e+02  -8.747823e+01 
  2.765766e+02  -7.489866e+01 
  2.775676e+02  -6.898969e+01 
  2.785586e+02  -7.672601e+01 
  2.795496e+02  -8.098022e+01 
  2.805405e+02  -8.276750e+01 
  2.815315e+02  -8.319386e+01 
  2.825225e+02  -8.455496e+01 
  2.835135e+02  -8.442003e+01 
  2.845045e+02  -8.515846e+01 
  2.854955e+02  -8.536407e+01 
  2.864865e+02  -8.562553e+01 
  2.874775e+02  -8.606534e+01 
  2.884685e+02  -8.646091e+01 
  2.894595e+02  -8.684010e+01 
  2.904504e+02  -8.733084e+01 
  2.914414e+02  -8.795565e+01 
  2.924324e+02  -8.902477e+01 
  2.934234e+02  -9.070482e+01 
  2.944144e+02  -9.245399e+01 
  2.954054e+02  -8.536198e+01 
  2.963964e+02  -7.162954e+01 
  2.973874e+02  -7.381623e+01 
  2.983784e+02  -7.830781e+01 
  2.993694e+02  -8.053014e+01 
  3.003604e+02  -8.191357e+01 
  3.013513e+02  -8.278265e+01 
  3.023423e+02  -8.308727e+01 
  3.033333e+02  -8.343594e+01 
  3.043243e+02  -8.368111e+01 
  3.053153e+02  -8.382866e+01 
  3.063063e+02  -8.415262e+01 
  3.072973e+02  -8.427827e+01 
  3.082883e+02  -8.458805e+01 
  3.092793e+02  -8.484730e+01 
  3.102703e+02  -8.509566e+01 
  3.112613e+02  -8.561948e+01 
  3.122523e+02  -8.630371e+01 
  3.132433e+02  -8.795989e+01 
  3.142342e+02  -9.346251e+01 
  3.152252e+02  -7.763521e+01 
  3.162162e+02  -7.321314e+01 
  3.172072e+02  -7.982090e+01 
  3.181982e+02  -8.087019e+01 
  3.191892e+02  -8.081745e+01 
  3.201802e+02  -8.081596e+01 
  3.211712e+02  -8.085062e+01 
  3.221622e+02  -8.056746e+01 
  3.231532e+02  -8.006120e+01 
  3.241441e+02  -7.930599e+01 
  3.251351e+02  -7.809932e+01 
  3.261261e+02  -7.594759e+01 
  3.271171e+02  -7.064377e+01 
  3.281081e+02  -6.525129e+01 
  3.290991e+02  -7.407903e+01 
  3.300901e+02  -8.380138e+01 
  3.310811e+02  -9.221487e+01 
  3.320721e+02  -9.313525e+01 
  3.330630e+02  -9.215504e+01 
  3.340540e+02  -9.131612e+01 
  3.350450e+02  -9.010419e+01 
  3.360360e+02  -8.870498e+01 
  3.370270e+02  -8.840412e+01 
  3.380180e+02  -8.827866e+01 
  3.390090e+02  -8.795899e+01 
  3.400000e+02  -8.779175e+01 
  3.409910e+02  -8.759610e+01 
  3.419820e+02  -8.734031e+01 
  3.429730e+02  -8.729346e+01 
  3.439640e+02  -8.725352e+01 
  3.449550e+02  -8.713288e+01 
  3.459460e+02  -8.723362e+01 
  3.469370e+02  -8.707888e+01 
  3.479279e+02  -8.692714e+01 
  3.489189e+02  -8.663415e+01 
  3.499099e+02  -8.827599e+01 
  3.509009e+02  -8.689029e+01 
  3.518919e+02  -8.681021e+01 
  3.528829e+02  -8.673707e+01 
  3.538739e+02  -8.666872e+01 
  3.548649e+02  -8.671664e+01 
  3.558559e+02  -8.676844e+01 
  3.568468e+02  -8.670474e+01 
  3.578378e+02  -8.670796e+01 
  3.588288e+02  -8.670925e+01 
  3.598198e+02  -8.667029e+01 
  3.608108e+02  -8.668517e+01 
  3.618018e+02  -8.660649e+01 
  3.627928e+02  -8.663176e+01 
  3.637838e+02  -8.665894e+01 
  3.647748e+02  -8.659074e+01 
  3.657658e+02  -8.662503e+01 
  3.667567e+02  -8.664466e+01 
  3.677477e+02  -8.657336e+01 
  3.687387e+02  -8.657251e+01 
  3.697297e+02  -8.662774e+01 
  3.707207e+02  -8.655398e+01 
  3.717117e+02  -8.666501e+01 
  3.727027e+02  -8.657338e+01 
  3.736937e+02  -8.656841e+01 
  3.746847e+02  -8.659863e+01 
  3.756757e+02  -8.656106e+01 
  3.766667e+02  -8.655657e+01 
  3.776577e+02  -8.660279e+01 
  3.786487e+02  -8.657843e+01 
  3.796396e+02  -8.673373e+01 
  3.806306e+02  -8.654482e+01 
  3.816216e+02  -8.656811e+01 
  3.826126e+02  -8.659091e+01 
  3.836036e+02  -8.660643e+01 
  3.845946e+02  -8.657526e+01 
  3.855856e+02  -8.660373e+01 
  3.865766e+02  -8.654918e+01 
  3.875676e+02  -8.657405e+01 
  3.885586e+02  -8.660950e+01 
  3.895496e+02  -8.689478e+01 
  3.905405e+02  -8.633528e+01 
  3.915315e+02  -8.675276e+01 
  3.925225e+02  -8.662138e+01 
  3.935135e+02  -8.668313e+01 
  3.945045e+02  -8.662709e+01 
  3.954955e+02  -8.665028e+01 
  3.964865e+02  -8.665509e+01 
  3.974775e+02  -8.660194e+01 
  3.984685e+02  -8.673965e+01 
  3.994595e+02  -8.659497e+01 
  4.004504e+02  -8.673468e+01 
  4.014414e+02  -8.651183e+01 
  4.024324e+02  -8.666750e+01 
  4.034234e+02  -8.665689e+01 
  4.044144e+02  -8.671139e+01 
  4.054054e+02  -8.673587e+01 
  4.063964e+02  -8.669861e+01 
  4.073874e+02  -8.668661e+01 
  4.083784e+02  -8.667001e+01 
  4.093694e+02  -8.670157e+01 
  4.103604e+02  -8.670842e+01 
  4.113513e+02  -8.674902e+01 
  4.123423e+02  -8.672787e+01 
  4.133333e+02  -8.672463e+01 
  4.143243e+02  -8.669872e+01 
  4.153153e+02  -8.670972e+01 
  4.163063e+02  -8.771216e+01 
  4.172973e+02  -8.667415e+01 
  4.182883e+02  -8.675324e+01 
  4.192793e+02  -8.683627e+01 
  4.202703e+02  -8.679089e+01 
  4.212613e+02  -8.668691e+01 
  4.222523e+02  -8.675194e+01 
  4.232433e+02  -8.673694e+01 
  4.242342e+02  -8.678623e+01 
  4.252252e+02  -8.681051e+01 
  4.262162e+02  -8.684795e+01 
  4.272072e+02  -8.687640e+01 
  4.281982e+02  -8.676884e+01 
  4.291892e+02  -8.679979e+01 
  4.301802e+02  -8.689567e+01 
  4.311712e+02  -8.684023e+01 
  4.321622e+02  -8.701772e+01 
  4.331532e+02  -8.687392e+01 
  4.341441e+02  -8.685577e+01 
  4.351351e+02  -8.685892e+01 
  4.361261e+02  -8.685953e+01 
  4.371171e+02  -8.686702e+01 
  4.381081e+02  -8.687364e+01 
  4.390991e+02  -8.688675e+01 
  4.400901e+02  -8.686014e+01 
  4.410811e+02  -8.687513e+01 
  4.420721e+02  -8.673605e+01 
  4.430630e+02  -8.683511e+01 
  4.440540e+02  -8.693286e+01 
  4.450450e+02  -8.701299e+01 
  4.460360e+02  -8.693611e+01 
  4.470270e+02  -8.684505e+01 
  4.480180e+02  -8.705828e+01 
  4.490090e+02  -8.703086e+01 
  4.500000e+02  -8.654712e+01 
  4.509910e+02  -8.710124e+01 
  4.519820e+02  -8.685939e+01 
  4.529730e+02  -8.701141e+01 
  4.539640e+02  -8.703622e+01 
  4.549550e+02  -8.704069e+01 
  4.559460e+02  -8.704310e+01 
  4.569370e+02  -8.702847e+01 
  4.579279e+02  -8.703488e+01 
  4.589189e+02  -8.705039e+01 
  4.599099e+02  -8.702815e+01 
  4.609009e+02  -8.711028e+01 
  4.618919e+02  -8.688448e+01 
  4.628829e+02  -8.717501e+01 
  4.638739e+02  -8.711440e+01 
  4.648649e+02  -8.708865e+01 
  4.658559e+02  -8.719701e+01 
  4.668468e+02  -8.711372e+01 
  4.678378e+02  -8.710294e+01 
  4.688288e+02  -8.735813e+01 
  4.698198e+02  -8.722856e+01 
  4.708108e+02  -8.723622e+01 
  4.718018e+02  -8.720701e+01 
  4.727928e+02  -8.731902e+01 
  4.737838e+02  -8.726754e+01 
  4.747748e+02  -8.732652e+01 
  4.757658e+02  -8.733503e+01 
  4.767567e+02  -8.744916e+01 
  4.777477e+02  -8.743813e+01 
  4.787387e+02  -8.745150e+01 
  4.797297e+02  -8.739011e+01 
  4.807207e+02  -8.760740e+01 
  4.817117e+02  -8.789022e+01 
  4.827027e+02  -8.764751e+01 
  4.836937e+02  -8.743092e+01 
  4.846847e+02  -8.775549e+01 
  4.856757e+02  -8.780226e+01 
  4.866667e+02  -8.789479e+01 
  4.876577e+02  -8.795816e+01 
  4.886487e+02  -8.798495e+01 
  4.896396e+02  -8.807807e+01 
  4.906306e+02  -8.819556e+01 
  4.916216e+02  -8.834526e+01 
  4.926126e+02  -8.848789e+01 
  4.936036e+02  -8.873518e+01 
  4.945946e+02  -8.916659e+01 
  4.955856e+02  -8.932217e+01 
  4.965766e+02  -8.969193e+01 
  4.975676e+02  -9.019479e+01 
  4.985586e+02  -9.094785e+01 
  4.995496e+02  -9.174472e+01 
  5.005405e+02  -9.308839e+01 
  5.015315e+02  -9.353001e+01 
  5.025225e+02  -8.909924e+01 
  5.035135e+02  -7.960096e+01 
  5.045045e+02  -6.888969e+01 
  5.054955e+02  -7.239057e+01 
  5.064865e+02  -7.776300e+01 
  5.074775e+02  -7.992194e+01 
  5.084685e+02  -8.147845e+01 
  5.094595e+02  -8.218708e+01 
  5.104504e+02  -8.327143e+01 
  5.114414e+02  -8.393817e+01 
  5.124324e+02  -8.498516e+01 
  5.134234e+02  -8.247267e+01 
  5.144144e+02  -8.319090e+01 
  5.154054e+02  -8.339305e+01 
  5.163964e+02  -8.346281e+01 
  5.173874e+02  -8.347067e+01 
  5.183784e+02  -8.343038e+01 
  5.193694e+02  -8.334981e+01 
  5.203604e+02  -8.318899e+01 
  5.213514e+02  -8.300307e+01 
  5.223423e+02  -8.272890e+01 
  5.233333e+02  -8.236195e+01 
  5.243243e+02  -8.187630e+01 
  5.253153e+02  -8.096561e+01 
  5.263063e+02  -7.972050e+01 
  5.272973e+02  -7.671801e+01 
  5.282883e+02  -6.929451e+01 
  5.292793e+02  -7.826320e+01 
  5.302703e+02  -8.876315e+01 
  5.312613e+02  -9.452475e+01 
  5.322523e+02  -8.917664e+01 
  5.332432e+02  -8.932506e+01 
  5.342343e+02  -8.848358e+01 
  5.352252e+02  -8.800223e+01 
  5.362162e+02  -8.760949e+01 
  5.372072e+02  -8.726960e+01 
  5.381982e+02  -8.696568e+01 
  5.391892e+02  -8.656695e+01 
  5.401802e+02  -8.622395e+01 
  5.411711e+02  -8.566254e+01 
  5.421622e+02  -8.490369e+01 
  5.431531e+02  -8.334283e+01 
  5.441442e+02  -7.845091e+01 
  5.451351e+02  -7.973149e+01 
  5.461261e+02  -9.336466e+01 
  5.471171e+02  -9.018602e+01 
  5.481081e+02  -8.884789e+01 
  5.490991e+02  -8.848745e+01 
  5.500901e+02  -8.826974e+01 
  5.510811e+02  -8.753911e+01 
  5.520721e+02  -8.718925e+01 
  5.530630e+02  -8.675942e+01 
  5.540541e+02  -8.626716e+01 
  5.550450e+02  -8.575798e+01 
  5.560360e+02  -8.505373e+01 
  5.570270e+02  -8.413196e+01 
  5.580180e+02  -8.276949e+01 
  5.590090e+02  -8.090940e+01 
  5.600000e+02  -7.774305e+01 
  5.609910e+02  -7.050214e+01 
  5.619820e+02  -6.755403e+01 
  5.629730e+02  -7.765577e+01 
  5.639640e+02  -8.658262e+01 
  5.649550e+02  -8.766012e+01 
  5.659459e+02  -8.959211e+01 
  5.669370e+02  -9.053773e+01 
  5.679279e+02  -9.067715e+01 
  5.689189e+02  -9.025405e+01 
  5.699099e+02  -8.883806e+01 
  5.709009e+02  -8.620987e+01 
  5.718919e+02  -8.185957e+01 
  5.728829e+02  -7.408244e+01 
  5.738739e+02  -6.755344e+01 
  5.748649e+02  -7.205461e+01 
  5.758558e+02  -7.832985e+01 
  5.768469e+02  -8.230234e+01 
  5.778378e+02  -8.330025e+01 
  5.788289e+02  -8.398753e+01 
  5.798198e+02  -8.474246e+01 
  5.808108e+02  -8.523592e+01 
  5.818018e+02  -8.556380e+01 
  5.827928e+02  -8.575602e+01 
  5.837838e+02  -8.596011e+01 
  5.847748e+02  -8.622195e+01 
  5.857657e+02  -8.641033e+01 
  5.867568e+02  -8.645900e+01 
  5.877477e+02  -8.660199e+01 
  5.887387e+02  -8.671068e+01 
  5.897297e+02  -8.678555e+01 
  5.907207e+02  -8.689509e+01 
  5.917117e+02  -8.690800e+01 
  5.927027e+02  -8.701313e+01 
  5.936937e+02  -8.699265e+01 
  5.946847e+02  -8.704971e+01 
  5.956757e+02  -8.710212e+01 
  5.966667e+02  -8.714007e+01 
  5.976577e+02  -8.715717e+01 
  5.986486e+02  -8.720149e+01 
  5.996396e+02  -8.720747e+01 
  6.006306e+02  -8.724401e+01 
  6.016216e+02  -8.724770e+01 
  6.026126e+02  -8.726584e+01 
  6.036036e+02  -8.719604e+01 
  6.045946e+02  -8.730451e+01 
  6.055856e+02  -8.729560e+01 
  6.065766e+02  -8.728905e+01 
  6.075676e+02  -8.736086e+01 
  6.085585e+02  -8.734090e+01 
  6.095496e+02  -8.736722e+01 
  6.105405e+02  -8.741183e+01 
  6.115316e+02  -8.737112e+01 
  6.125225e+02  -8.742920e+01 
  6.135135e+02  -8.734880e+01 
  6.145045e+02  -8.732349e+01 
  6.154955e+02  -8.724225e+01 
  6.164865e+02  -8.740476e+01 
  6.174775e+02  -8.741465e+01 
  6.184684e+02  -8.747349e+01 
  6.194595e+02  -8.745546e+01 
  6.204504e+02  -8.742772e+01 
  6.214415e+02  -8.751322e+01 
  6.224324e+02  -8.754042e+01 
  6.234234e+02  -8.749788e+01 
  6.244144e+02  -8.748273e+01 
  6.254054e+02  -8.745084e+01 
  6.263964e+02  -8.751507e+01 
  6.273874e+02  -8.746440e+01 
  6.283784e+02  -8.746212e+01 
  6.293694e+02  -8.755672e+01 
  6.303604e+02  -8.759361e+01 
  6.313514e+02  -8.751579e+01 
  6.323423e+02  -8.754633e+01 
  6.333333e+02  -8.748433e+01 
  6.343243e+02  -8.754088e+01 
  6.353153e+02  -8.760277e+01 
  6.363063e+02  -8.754799e+01 
  6.372973e+02  -8.752840e+01 
  6.382883e+02  -8.756622e+01 
  6.392793e+02  -8.758375e+01 
  6.402703e+02  -8.764385e+01 
  6.412613e+02  -8.758169e+01 
  6.422523e+02  -8.761591e+01 
  6.432432e+02  -8.766797e+01 
  6.442343e+02  -8.755974e+01 
  6.452252e+02  -8.755102e+01 
  6.462162e+02  -8.761436e+01 
  6.472072e+02  -8.761111e+01 
  6.481982e+02  -8.765620e+01 
  6.491892e+02  -8.763338e+01 
  6.501802e+02  -8.755476e+01 
  6.511711e+02  -8.770326e+01 
  6.521622e+02  -8.757478e+01 
  6.531531e+02  -8.767391e+01 
  6.541442e+02  -8.766785e+01 
  6.551351e+02  -8.767175e+01 
  6.561261e+02  -8.760017e+01 
  6.571171e+02  -8.766369e+01 
  6.581081e+02  -8.767225e+01 
  6.590991e+02  -8.770117e+01 
  6.600901e+02  -8.763891e+01 
  6.610811e+02  -8.766072e+01 
  6.620721e+02  -8.767622e+01 
  6.630630e+02  -8.774577e+01 
  6.640541e+02  -8.773105e+01 
  6.650450e+02  -8.767834e+01 
  6.660360e+02  -8.771949e+01 
  6.670270e+02  -8.778695e+01 
  6.680180e+02  -8.769217e+01 
  6.690090e+02  -8.770428e+01 
  6.700000e+02  -8.772679e+01 
  6.709910e+02  -8.771925e+01 
  6.719820e+02  -8.772913e+01 
  6.729730e+02  -8.775280e+01 
  6.739640e+02  -8.778892e+01 
  6.749550e+02  -8.776862e+01 
  6.759459e+02  -8.774750e+01 
  6.769370e+02  -8.771878e+01 
  6.779279e+02  -8.776904e+01 
  6.789189e+02  -8.772768e+01 
  6.799099e+02  -8.782350e+01 
  6.809009e+02  -8.780588e+01 
  6.818919e+02  -8.776457e+01 
  6.828829e+02  -8.776408e+01 
  6.838739e+02  -8.776717e+01 
  6.848649e+02  -8.773650e+01 
  6.858558e+02  -8.776417e+01 
  6.868469e+02  -8.776347e+01 
  6.878378e+02  -8.781204e+01 
  6.888289e+02  -8.780661e+01 
  6.898198e+02  -8.779157e+01 
  6.908108e+02  -8.777753e+01 
  6.918018e+02  -8.782919e+01 
  6.927928e+02  -8.781331e+01 
  6.937838e+02  -8.780049e+01 
  6.947748e+02  -8.791815e+01 
  6.957657e+02  -8.783170e+01 
  6.967568e+02  -8.785234e+01 
  6.977477e+02  -8.785750e+01 
  6.987387e+02  -8.782689e+01 
  6.997297e+02  -8.790005e+01 
  7.007207e+02  -8.783408e+01 
  7.017117e+02  -8.789604e+01 
  7.027027e+02  -8.777402e+01 
  7.036937e+02  -8.773644e+01 
  7.046847e+02  -8.786189e+01 
  7.056757e+02  -8.791969e+01 
  7.066667e+02  -8.786691e+01 
  7.076577e+02  -8.781222e+01 
  7.086486e+02  -8.788097e+01 
  7.096396e+02  -8.786639e+01 
  7.106306e+02  -8.783391e+01 
  7.116216e+02  -8.794077e+01 
  7.126126e+02  -8.788423e+01 
  7.136036e+02  -8.790032e+01 
  7.145946e+02  -8.783290e+01 
  7.155856e+02  -8.786549e+01 
  7.165766e+02  -8.782996e+01 
  7.175676e+02  -8.786395e+01 
  7.185585e+02  -8.783603e+01 
  7.195496e+02  -8.788300e+01 
  7.205405e+02  -8.794791e+01 
  7.215316e+02  -8.786144e+01 
  7.225225e+02  -8.790087e+01 
  7.235135e+02  -8.786283e+01 
  7.245045e+02  -8.792461e+01 
  7.254955e+02  -8.791599e+01 
  7.264865e+02  -8.787841e+01 
  7.274775e+02  -8.784187e+01 
  7.284684e+02  -8.797515e+01 
  7.294595e+02  -8.792900e+01 
  7.304504e+02  -8.789597e+01 
  7.314415e+02  -8.789927e+01 
  7.324324e+02  -8.791338e+01 
  7.334234e+02  -8.798412e+01 
  7.344144e+02  -8.785075e+01 
  7.354054e+02  -8.785881e+01 
  7.363964e+02  -8.791786e+01 
  7.373874e+02  -8.791834e+01 
  7.383784e+02  -8.788945e+01 
  7.393694e+02  -8.787938e+01 
  7.403604e+02  -8.795518e+01 
  7.413514e+02  -8.789810e+01 
  7.423423e+02  -8.789764e+01 
  7.433333e+02  -8.793417e+01 
  7.443243e+02  -8.797596e+01 
  7.453153e+02  -8.793445e+01 
  7.463063e+02  -8.788145e+01 
  7.472973e+02  -8.805710e+01 
  7.482883e+02  -8.793517e+01 
  7.492793e+02  -8.789337e+01 
  7.502703e+02  -8.739294e+01 
  7.512613e+02  -8.782030e+01 
  7.522523e+02  -8.777918e+01 
  7.532432e+02  -8.790978e+01 
  7.542343e+02  -8.797221e+01 
  7.552252e+02  -8.798565e+01 
  7.562162e+02  -8.785063e+01 
  7.572072e+02  -8.781528e+01 
  7.581982e+02  -8.741729e+01 
  7.591892e+02  -8.839710e+01 
  7.601802e+02  -8.803799e+01 
  7.611711e+02  -8.810582e+01 
  7.621622e+02  -8.800455e+01 
  7.631531e+02  -8.797897e+01 
  7.641442e+02  -8.798679e+01 
  7.651351e+02  -8.794424e+01 
  7.661261e+02  -8.793552e+01 
  7.671171e+02  -8.791058e+01 
  7.681081e+02  -8.758685e+01 
  7.690991e+02  -8.671255e+01 
  7.700901e+02  -8.818359e+01 
  7.710811e+02  -8.868038e+01 
  7.720721e+02  -8.836082e+01 
  7.730630e+02  -8.825397e+01 
  7.740541e+02  -8.826917e+01 
  7.750450e+02  -8.820183e+01 
  7.760360e+02  -8.816444e+01 
  7.770270e+02  -8.820531e+01 
  7.780180e+02  -8.814133e+01 
  7.790090e+02  -8.801445e+01 
  7.800000e+02  -8.807969e+01 
  7.809910e+02  -8.803648e+01 
  7.819820e+02  -8.808878e+01 
  7.829730e+02  -8.803951e+01 
  7.839640e+02  -8.800753e+01 
  7.849550e+02  -8.775233e+01 
  7.859459e+02  -8.703899e+01 
  7.869370e+02  -8.835664e+01 
  7.879279e+02  -8.858668e+01 
  7.889189e+02  -8.835744e+01 
  7.899099e+02  -8.837707e+01 
  7.909009e+02  -8.824887e+01 
  7.918919e+02  -8.825436e+01 
  7.928829e+02  -8.825706e+01 
  7.938739e+02  -8.823222e+01 
  7.948649e+02  -8.816905e+01 
  7.958558e+02  -8.815786e+01 
  7.968469e+02  -8.816703e+01 
  7.978378e+02  -8.812173e+01 
  7.988289e+02  -8.814752e+01 
  7.998198e+02  -8.815721e+01 
  8.008108e+02  -8.803399e+01 
  8.018018e+02  -8.796949e+01 
  8.027928e+02  -8.795723e+01 
  8.037838e+02  -8.774196e+01 
  8.047748e+02  -8.729465e+01 
  8.057657e+02  -8.577322e+01 
  8.067568e+02  -8.954948e+01 
  8.077477e+02  -8.909272e+01 
  8.087387e+02  -8.897929e+01 
  8.097297e+02  -8.884588e+01 
  8.107207e+02  -8.873624e+01 
  8.117117e+02  -8.863619e+01 
  8.127027e+02  -8.868158e+01 
  8.136937e+02  -8.868806e+01 
  8.146847e+02  -8.868881e+01 
  8.156757e+02  -8.869585e+01 
  8.166667e+02  -8.871523e+01 
  8.176577e+02  -8.883760e+01 
  8.186486e+02  -8.890163e+01 
  8.196396e+02  -8.898674e+01 
  8.206306e+02  -8.934651e+01 
  8.216216e+02  -8.954519e+01 
  8.226126e+02  -8.983781e+01 
  8.236036e+02  -9.067542e+01 
  8.245946e+02  -9.745734e+01 
  8.255856e+02  -8.549818e+01 
  8.265766e+02  -8.540920e+01 
  8.275676e+02  -8.704881e+01 
  8.285585e+02  -8.728465e+01 
  8.295496e+02  -8.748148e+01 
  8.305405e+02  -8.758430e+01 
  8.315316e+02  -8.773837e+01 
  8.325225e+02  -8.769326e+01 
  8.335135e+02  -8.772650e+01 
  8.345045e+02  -8.771217e+01 
  8.354955e+02  -8.758899e+01 
  8.364865e+02  -8.741776e+01 
  8.374775e+02  -8.625587e+01 
  8.384684e+02  -8.883398e+01 
  8.394595e+02  -8.872047e+01 
  8.404504e+02  -8.851902e+01 
  8.414415e+02  -8.842984e+01 
  8.424324e+02  -8.847333e+01 
  8.434234e+02  -8.838934e+01 
  8.444144e+02  -8.835390e+01 
  8.454054e+02  -8.834850e+01 
  8.463964e+02  -8.832378e+01 
  8.473874e+02  -8.833849e+01 
  8.483784e+02  -8.826886e+01 
  8.493694e+02  -8.831663e+01 
  8.503604e+02  -8.839079e+01 
  8.513514e+02  -8.827093e+01 
  8.523423e+02  -8.832565e+01 
  8.533333e+02  -8.831663e+01 
  8.543243e+02  -8.836443e+01 
  8.553153e+02  -8.826930e+01 
  8.563063e+02  -8.827704e+01 
  8.572973e+02  -8.833353e+01 
  8.582883e+02  -8.833797e+01 
  8.592793e+02  -8.836361e+01 
  8.602703e+02  -8.835089e+01 
  8.612613e+02  -8.834123e+01 
  8.622523e+02  -8.832800e+01 
  8.632432e+02  -8.833591e+01 
  8.642343e+02  -8.832430e+01 
  8.652252e+02  -8.833212e+01 
  8.662162e+02  -8.840031e+01 
  8.672072e+02  -8.833516e+01 
  8.681982e+02  -8.839737e+01 
  8.691892e+02  -8.832275e+01 
  8.701802e+02  -8.832870e+01 
  8.711711e+02  -8.836814e+01 
  8.721622e+02  -8.844515e+01 
  8.731531e+02  -8.842258e+01 
  8.741442e+02  -8.836590e+01 
  8.751351e+02  -8.844842e+01 
  8.761261e+02  -8.831178e+01 
  8.771171e+02  -8.842234e+01 
  8.781081e+02  -8.841452e+01 
  8.790991e+02  -8.839352e+01 
  8.800901e+02  -8.839809e+01 
  8.810811e+02  -8.838932e+01 
  8.820721e+02  -8.851357e+01 
  8.830630e+02  -8.845008e+01 
  8.840541e+02  -8.844175e+01 
  8.850450e+02  -8.839896e+01 
  8.860360e+02  -8.839841e+01 
  8.870270e+02  -8.840672e+01 
  8.880180e+02  -8.839926e+01 
  8.890090e+02  -8.838842e+01 
  8.900000e+02  -8.840559e+01 
  8.909910e+02  -8.840498e+01 
  8.919820e+02  -8.841609e+01 
  8.929730e+02  -8.847262e+01 
  8.939640e+02  -8.845055e+01 
  8.949550e+02  -8.842191e+01 
  8.959459e+02  -8.846301e+01 
  8.969370e+02  -8.840192e+01 
  8.979279e+02  -8.843559e+01 
  8.989189e+02  -8.845602e+01 
  8.999099e+02  -8.847562e+01 
  9.009009e+02  -8.841706e+01 
  9.018919e+02  -8.840262e+01 
  9.028829e+02  -8.847691e+01 
  9.038739e+02  -8.845171e+01 
  9.048649e+02  -8.846091e+01 
  9.058558e+02  -8.845737e+01 
  9.068469e+02  -8.844684e+01 
  9.078378e+02  -8.845059e+01 
  9.088289e+02  -8.848034e+01 
  9.098198e+02  -8.844028e+01 
  9.108108e+02  -8.845765e+01 
  9.118018e+02  -8.840932e+01 
  9.127928e+02  -8.847708e+01 
  9.137838e+02  -8.847133e+01 
  9.147748e+02  -8.853343e+01 
  9.157657e+02  -8.845818e+01 
  9.167568e+02  -8.852605e+01 
  9.177477e+02  -8.850045e+01 
  9.187387e+02  -8.852266e+01 
  9.197297e+02  -8.848746e+01 
  9.207207e+02  -8.849714e+01 
  9.217117e+02  -8.854295e+01 
  9.227027e+02  -8.850735e+01 
  9.236937e+02  -8.850257e+01 
  9.246847e+02  -8.841889e+01 
  9.256757e+02  -8.854199e+01 
  9.266667e+02  -8.848588e+01 
  9.276577e+02  -8.848013e+01 
  9.286486e+02  -8.850712e+01 
  9.296396e+02  -8.852242e+01 
  9.306306e+02  -8.845923e+01 
  9.316216e+02  -8.848891e+01 
  9.326126e+02  -8.849422e+01 
  9.336036e+02  -8.851542e+01 
  9.345946e+02  -8.855627e+01 
  9.355856e+02  -8.853581e+01 
  9.365766e+02  -8.849734e+01 
  9.375676e+02  -8.854342e+01 
  9.385585e+02  -8.860854e+01 
  9.395496e+02  -8.854894e+01 
  9.405405e+02  -8.850674e+01 
  9.415316e+02  -8.852208e+01 
  9.425225e+02  -8.859956e+01 
  9.435135e+02  -8.858234e+01 
  9.445045e+02  -8.862413e+01 
  9.454955e+02  -8.856495e+01 
  9.464865e+02  -8.859684e+01 
  9.474775e+02  -8.859555e+01 
  9.484684e+02  -8.856047e+01 
  9.494595e+02  -8.829498e+01 
  9.504504e+02  -8.862181e+01 
  9.514415e+02  -8.852998e+01 
  9.524324e+02  -8.867854e+01 
  9.534234e+02  -8.858793e+01 
  9.544144e+02  -8.858880e+01 
  9.554054e+02  -8.859021e+01 
  9.563964e+02  -8.863210e+01 
  9.573874e+02  -8.865868e+01 
  9.583784e+02  -8.861674e+01 
  9.593694e+02  -8.865643e+01 
  9.603604e+02  -8.854890e+01 
  9.613514e+02  -8.866650e+01 
  9.623423e+02  -8.862153e+01 
  9.633333e+02  -8.860410e+01 
  9.643243e+02  -8.855867e+01 
  9.653153e+02  -8.863594e+01 
  9.663063e+02  -8.860572e+01 
  9.672973e+02  -8.863422e+01 
  9.682883e+02  -8.871734e+01 
  9.692793e+02  -8.863982e+01 
  9.702703e+02  -8.859904e+01 
  9.712613e+02  -8.869336e+01 
  9.722523e+02  -8.866170e+01 
  9.732432e+02  -8.864014e+01 
  9.742343e+02  -8.868275e+01 
  9.752252e+02  -8.866434e+01 
  9.762162e+02  -8.868881e+01 
  9.772072e+02  -8.871057e+01 
  9.781982e+02  -8.870330e+01 
  9.791892e+02  -8.875535e+01 
  9.801802e+02  -8.868664e+01 
  9.811711e+02  -8.871185e+01 
  9.821622e+02  -8.875761e+01 
  9.831531e+02  -8.868716e+01 
  9.841442e+02  -8.881301e+01 
  9.851351e+02  -8.877816e+01 
  9.861261e+02  -8.871384e+01 
  9.871171e+02  -8.876827e+01 
  9.881081e+02  -8.879147e+01 
  9.890991e+02  -8.878299e+01 
  9.900901e+02  -8.887734e+01 
  9.910811e+02  -8.881447e+01 
  9.920721e+02  -8.890526e+01 
  9.930630e+02  -8.885086e+01 
  9.940541e+02  -8.889191e+01 
  9.950450e+02  -8.895052e+01 
  9.960360e+02  -8.891877e+01 
  9.970270e+02  -8.898524e+01 
  9.980180e+02  -8.906242e+01 
  9.990090e+02  -8.909382e+01 
  1.000000e+03  -8.918227e+01 