  1.000000e+01  -9.433435e+01 
  1.099099e+01  -9.339805e+01 
  1.198198e+01  -9.272208e+01 
  1.297297e+01  -9.187869e+01 
  1.396396e+01  -9.154604e+01 
  1.495496e+01  -9.253841e+01 
  1.594595e+01  -8.614200e+01 
  1.693694e+01  -9.449859e+01 
  1.792793e+01  -8.802602e+01 
  1.891892e+01  -8.889014e+01 
  1.990991e+01  -8.737072e+01 
  2.090090e+01  -8.755147e+01 
  2.189189e+01  -8.639043e+01 
  2.288288e+01  -8.505390e+01 
  2.387387e+01  -8.456890e+01 
  2.486486e+01  -8.438773e+01 
  2.585586e+01  -8.309077e+01 
  2.684685e+01  -8.144461e+01 
  2.783784e+01  -7.942330e+01 
  2.882883e+01  -7.632022e+01 
  2.981982e+01  -6.952583e+01 
  3.081081e+01  -6.293802e+01 
  3.180180e+01  -7.141920e+01 
  3.279279e+01  -7.824855e+01 
  3.378378e+01  -9.232159e+01 
  3.477478e+01  -1.010962e+02 
  3.576577e+01  -8.812627e+01 
  3.675676e+01  -9.404141e+01 
  3.774775e+01  -9.793277e+01 
  3.873874e+01  -9.806102e+01 
  3.972973e+01  -9.335610e+01 
  4.072072e+01  -9.252695e+01 
  4.171171e+01  -9.183918e+01 
  4.270270e+01  -9.081110e+01 
  4.369370e+01  -9.167286e+01 
  4.468468e+01  -9.076666e+01 
  4.567567e+01  -9.150656e+01 
  4.666667e+01  -9.124323e+01 
  4.765766e+01  -8.909882e+01 
  4.864865e+01  -9.010165e+01 
  4.963964e+01  -8.749926e+01 
  5.063063e+01  -8.893195e+01 
  5.162162e+01  -9.245720e+01 
  5.261261e+01  -8.963071e+01 
  5.360360e+01  -9.152048e+01 
  5.459459e+01  -9.308414e+01 
  5.558559e+01  -9.150061e+01 
  5.657658e+01  -9.094637e+01 
  5.756757e+01  -9.315817e+01 
  5.855856e+01  -9.237655e+01 
  5.954955e+01  -8.812576e+01 
  6.054054e+01  -8.215693e+01 
  6.153153e+01  -7.150871e+01 
  6.252252e+01  -6.590556e+01 
  6.351351e+01  -7.138253e+01 
  6.450450e+01  -8.519285e+01 
  6.549550e+01  -7.768398e+01 
  6.648649e+01  -8.578477e+01 
  6.747748e+01  -8.093529e+01 
  6.846847e+01  -8.496920e+01 
  6.945946e+01  -8.259040e+01 
  7.045045e+01  -8.510732e+01 
  7.144144e+01  -8.361073e+01 
  7.243243e+01  -8.524654e+01 
  7.342342e+01  -8.424745e+01 
  7.441441e+01  -8.485909e+01 
  7.540540e+01  -8.501570e+01 
  7.639639e+01  -8.468300e+01 
  7.738739e+01  -8.518546e+01 
  7.837838e+01  -8.517812e+01 
  7.936937e+01  -8.510216e+01 
  8.036036e+01  -8.546825e+01 
  8.135135e+01  -8.559678e+01 
  8.234234e+01  -8.552010e+01 
  8.333334e+01  -8.536507e+01 
  8.432433e+01  -8.656757e+01 
  8.531532e+01  -8.608849e+01 
  8.630630e+01  -8.657072e+01 
  8.729729e+01  -8.668785e+01 
  8.828829e+01  -8.725443e+01 
  8.927928e+01  -8.824509e+01 
  9.027027e+01  -8.983511e+01 
  9.126126e+01  -9.112010e+01 
  9.225225e+01  -7.810185e+01 
  9.324324e+01  -6.977796e+01 
  9.423424e+01  -7.431338e+01 
  9.522523e+01  -8.339149e+01 
  9.621622e+01  -7.945213e+01 
  9.720721e+01  -8.369974e+01 
  9.819820e+01  -8.163918e+01 
  9.918919e+01  -8.322025e+01 
  1.001802e+02  -8.307545e+01 
  1.011712e+02  -8.320564e+01 
  1.021622e+02  -8.377401e+01 
  1.031532e+02  -8.317307e+01 
  1.041441e+02  -8.391251e+01 
  1.051351e+02  -8.365144e+01 
  1.061261e+02  -8.372233e+01 
  1.071171e+02  -8.392323e+01 
  1.081081e+02  -8.383390e+01 
  1.090991e+02  -8.392586e+01 
  1.100901e+02  -8.408331e+01 
  1.110811e+02  -8.397327e+01 
  1.120721e+02  -8.401130e+01 
  1.130631e+02  -8.409779e+01 
  1.140541e+02  -8.418013e+01 
  1.150450e+02  -8.411884e+01 
  1.160360e+02  -8.416085e+01 
  1.170270e+02  -8.429849e+01 
  1.180180e+02  -8.433403e+01 
  1.190090e+02  -8.449079e+01 
  1.200000e+02  -8.471931e+01 
  1.209910e+02  -8.720198e+01 
  1.219820e+02  -8.234417e+01 
  1.229730e+02  -8.429397e+01 
  1.239640e+02  -8.364417e+01 
  1.249550e+02  -8.379818e+01 
  1.259459e+02  -8.412044e+01 
  1.269369e+02  -8.407181e+01 
  1.279279e+02  -8.398273e+01 
  1.289189e+02  -8.409666e+01 
  1.299099e+02  -8.410549e+01 
  1.309009e+02  -8.407223e+01 
  1.318919e+02  -8.411482e+01 
  1.328829e+02  -8.415338e+01 
  1.338739e+02  -8.419374e+01 
  1.348649e+02  -8.416096e+01 
  1.358559e+02  -8.412617e+01 
  1.368468e+02  -8.414111e+01 
  1.378378e+02  -8.419518e+01 
  1.388288e+02  -8.406197e+01 
  1.398198e+02  -8.417183e+01 
  1.408108e+02  -8.411518e+01 
  1.418018e+02  -8.397499e+01 
  1.427928e+02  -8.403784e+01 
  1.437838e+02  -8.395362e+01 
  1.447748e+02  -8.363367e+01 
  1.457658e+02  -8.353521e+01 
  1.467568e+02  -8.124100e+01 
  1.477477e+02  -8.623506e+01 
  1.487387e+02  -8.517421e+01 
  1.497297e+02  -8.586712e+01 
  1.507207e+02  -8.625629e+01 
  1.517117e+02  -8.439545e+01 
  1.527027e+02  -8.408174e+01 
  1.536937e+02  -8.464297e+01 
  1.546847e+02  -8.441489e+01 
  1.556757e+02  -8.400607e+01 
  1.566667e+02  -8.423053e+01 
  1.576577e+02  -8.433832e+01 
  1.586487e+02  -8.406226e+01 
  1.596396e+02  -8.389646e+01 
  1.606306e+02  -8.389529e+01 
  1.616216e+02  -8.379295e+01 
  1.626126e+02  -8.347442e+01 
  1.636036e+02  -8.285773e+01 
  1.645946e+02  -8.157851e+01 
  1.655856e+02  -7.891826e+01 
  1.665766e+02  -7.508034e+01 
  1.675676e+02  -8.541132e+01 
  1.685586e+02  -8.993075e+01 
  1.695495e+02  -8.873721e+01 
  1.705405e+02  -8.784179e+01 
  1.715315e+02  -8.861841e+01 
  1.725225e+02  -9.648594e+01 
  1.735135e+02  -7.930990e+01 
  1.745045e+02  -8.559374e+01 
  1.754955e+02  -8.467295e+01 
  1.764865e+02  -8.414339e+01 
  1.774775e+02  -8.449422e+01 
  1.784685e+02  -8.504335e+01 
  1.794595e+02  -8.486025e+01 
  1.804505e+02  -8.477505e+01 
  1.814414e+02  -8.475011e+01 
  1.824324e+02  -8.488847e+01 
  1.834234e+02  -8.487464e+01 
  1.844144e+02  -8.496350e+01 
  1.854054e+02  -8.493701e+01 
  1.863964e+02  -8.484931e+01 
  1.873874e+02  -8.498488e+01 
  1.883784e+02  -8.498753e+01 
  1.893694e+02  -8.506270e+01 
  1.903604e+02  -8.502190e+01 
  1.913513e+02  -8.502026e+01 
  1.923423e+02  -8.497097e+01 
  1.933333e+02  -8.498306e+01 
  1.943243e+02  -8.499364e+01 
  1.953153e+02  -8.499453e+01 
  1.963063e+02  -8.492159e+01 
  1.972973e+02  -8.495875e+01 
  1.982883e+02  -8.501013e+01 
  1.992793e+02  -8.506293e+01 
  2.002703e+02  -8.505991e+01 
  2.012613e+02  -8.501443e+01 
  2.022523e+02  -8.500351e+01 
  2.032432e+02  -8.506844e+01 
  2.042342e+02  -8.509081e+01 
  2.052252e+02  -8.513264e+01 
  2.062162e+02  -8.504266e+01 
  2.072072e+02  -8.506705e+01 
  2.081982e+02  -8.503131e+01 
  2.091892e+02  -8.516376e+01 
  2.101802e+02  -8.513907e+01 
  2.111712e+02  -8.510810e+01 
  2.121622e+02  -8.509305e+01 
  2.131532e+02  -8.506159e+01 
  2.141441e+02  -8.513548e+01 
  2.151351e+02  -8.514710e+01 
  2.161261e+02  -8.515773e+01 
  2.171171e+02  -8.515081e+01 
  2.181081e+02  -8.519868e+01 
  2.190991e+02  -8.519060e+01 
  2.200901e+02  -8.514657e+01 
  2.210811e+02  -8.520045e+01 
  2.220721e+02  -8.516047e+01 
  2.230631e+02  -8.523404e+01 
  2.240540e+02  -8.528167e+01 
  2.250450e+02  -8.515623e+01 
  2.260360e+02  -8.510279e+01 
  2.270270e+02  -8.520155e+01 
  2.280180e+02  -8.519199e+01 
  2.290090e+02  -8.517484e+01 
  2.300000e+02  -8.522303e+01 
  2.309910e+02  -8.516325e+01 
  2.319820e+02  -8.519642e+01 
  2.329730e+02  -8.515974e+01 
  2.339640e+02  -8.506696e+01 
  2.349550e+02  -8.522576e+01 
  2.359460e+02  -8.522466e+01 
  2.369369e+02  -8.521564e+01 
  2.379279e+02  -8.533981e+01 
  2.389189e+02  -8.518674e+01 
  2.399099e+02  -8.533414e+01 
  2.409009e+02  -8.518989e+01 
  2.418919e+02  -8.535750e+01 
  2.428829e+02  -8.514351e+01 
  2.438739e+02  -8.516071e+01 
  2.448649e+02  -8.551642e+01 
  2.458559e+02  -8.513561e+01 
  2.468468e+02  -8.539544e+01 
  2.478378e+02  -8.551012e+01 
  2.488288e+02  -8.443285e+01 
  2.498198e+02  -8.807990e+01 
  2.508108e+02  -8.518671e+01 
  2.518018e+02  -8.598560e+01 
  2.527928e+02  -8.495994e+01 
  2.537838e+02  -8.540057e+01 
  2.547748e+02  -8.552771e+01 
  2.557658e+02  -8.514870e+01 
  2.567567e+02  -8.542039e+01 
  2.577477e+02  -8.555520e+01 
  2.587387e+02  -8.517329e+01 
  2.597297e+02  -8.531538e+01 
  2.607207e+02  -8.545708e+01 
  2.617117e+02  -8.545081e+01 
  2.627027e+02  -8.529432e+01 
  2.636937e+02  -8.534215e+01 
  2.646847e+02  -8.548826e+01 
  2.656757e+02  -8.546117e+01 
  2.666667e+02  -8.533684e+01 
  2.676577e+02  -8.535789e+01 
  2.686487e+02  -8.547350e+01 
  2.696396e+02  -8.546954e+01 
  2.706306e+02  -8.538020e+01 
  2.716216e+02  -8.540856e+01 
  2.726126e+02  -8.544991e+01 
  2.736036e+02  -8.550780e+01 
  2.745946e+02  -8.546188e+01 
  2.755856e+02  -8.538803e+01 
  2.765766e+02  -8.542162e+01 
  2.775676e+02  -8.541234e+01 
  2.785586e+02  -8.550455e+01 
  2.795496e+02  -8.548764e+01 
  2.805405e+02  -8.538506e+01 
  2.815315e+02  -8.539438e+01 
  2.825225e+02  -8.538921e+01 
  2.835135e+02  -8.539484e+01 
  2.845045e+02  -8.539466e+01 
  2.854955e+02  -8.547240e+01 
  2.864865e+02  -8.552158e+01 
  2.874775e+02  -8.547295e+01 
  2.884685e+02  -8.553521e+01 
  2.894595e+02  -8.545244e+01 
  2.904504e+02  -8.547434e+01 
  2.914414e+02  -8.543156e+01 
  2.924324e+02  -8.542424e+01 
  2.934234e+02  -8.538516e+01 
  2.944144e+02  -8.533633e+01 
  2.954054e+02  -8.538683e+01 
  2.963964e+02  -8.539801e+01 
  2.973874e+02  -8.537600e+01 
  2.983784e+02  -8.537448e+01 
  2.993694e+02  -8.531124e+01 
  3.003604e+02  -8.541590e+01 
  3.013513e+02  -8.525983e+01 
  3.023423e+02  -8.528178e+01 
  3.033333e+02  -8.527245e+01 
  3.043243e+02  -8.527281e+01 
  3.053153e+02  -8.518016e+01 
  3.063063e+02  -8.520921e+01 
  3.072973e+02  -8.509590e+01 
  3.082883e+02  -8.509354e+01 
  3.092793e+02  -8.499318e+01 
  3.102703e+02  -8.490702e+01 
  3.112613e+02  -8.487445e+01 
  3.122523e+02  -8.475928e+01 
  3.132433e+02  -8.468997e+01 
  3.142342e+02  -8.453471e+01 
  3.152252e+02  -8.443559e+01 
  3.162162e+02  -8.428445e+01 
  3.172072e+02  -8.407591e+01 
  3.181982e+02  -8.379753e+01 
  3.191892e+02  -8.350820e+01 
  3.201802e+02  -8.319859e+01 
  3.211712e+02  -8.270009e+01 
  3.221622e+02  -8.211157e+01 
  3.231532e+02  -8.128730e+01 
  3.241441e+02  -8.014311e+01 
  3.251351e+02  -7.842986e+01 
  3.261261e+02  -7.540765e+01 
  3.271171e+02  -6.849086e+01 
  3.281081e+02  -6.317791e+01 
  3.290991e+02  -6.963756e+01 
  3.300901e+02  -8.456011e+01 
  3.310811e+02  -8.573751e+01 
  3.320721e+02  -8.537709e+01 
  3.330630e+02  -9.179755e+01 
  3.340540e+02  -9.044531e+01 
  3.350450e+02  -9.027188e+01 
  3.360360e+02  -9.152554e+01 
  3.370270e+02  -9.107375e+01 
  3.380180e+02  -9.103208e+01 
  3.390090e+02  -9.100632e+01 
  3.400000e+02  -8.996059e+01 
  3.409910e+02  -8.924767e+01 
  3.419820e+02  -8.719389e+01 
  3.429730e+02  -8.349243e+01 
  3.439640e+02  -7.675723e+01 
  3.449550e+02  -6.605619e+01 
  3.459460e+02  -7.159481e+01 
  3.469370e+02  -7.722194e+01 
  3.479279e+02  -7.974419e+01 
  3.489189e+02  -8.168268e+01 
  3.499099e+02  -8.221488e+01 
  3.509009e+02  -8.386810e+01 
  3.518919e+02  -8.452630e+01 
  3.528829e+02  -8.505838e+01 
  3.538739e+02  -8.542020e+01 
  3.548649e+02  -8.574854e+01 
  3.558559e+02  -8.605186e+01 
  3.568468e+02  -8.638447e+01 
  3.578378e+02  -8.669832e+01 
  3.588288e+02  -8.690861e+01 
  3.598198e+02  -8.737564e+01 
  3.608108e+02  -8.793700e+01 
  3.618018e+02  -8.857872e+01 
  3.627928e+02  -8.969388e+01 
  3.637838e+02  -9.151472e+01 
  3.647748e+02  -9.293918e+01 
  3.657658e+02  -7.952838e+01 
  3.667567e+02  -7.157564e+01 
  3.677477e+02  -7.716915e+01 
  3.687387e+02  -8.290524e+01 
  3.697297e+02  -8.235992e+01 
  3.707207e+02  -8.451463e+01 
  3.717117e+02  -8.343671e+01 
  3.727027e+02  -8.448009e+01 
  3.736937e+02  -8.441806e+01 
  3.746847e+02  -8.486954e+01 
  3.756757e+02  -8.503198e+01 
  3.766667e+02  -8.520020e+01 
  3.776577e+02  -8.539442e+01 
  3.786487e+02  -8.554700e+01 
  3.796396e+02  -8.568115e+01 
  3.806306e+02  -8.589248e+01 
  3.816216e+02  -8.611613e+01 
  3.826126e+02  -8.633320e+01 
  3.836036e+02  -8.658942e+01 
  3.845946e+02  -8.715878e+01 
  3.855856e+02  -8.791754e+01 
  3.865766e+02  -8.965089e+01 
  3.875676e+02  -9.506252e+01 
  3.885586e+02  -7.909225e+01 
  3.895496e+02  -7.927330e+01 
  3.905405e+02  -8.177894e+01 
  3.915315e+02  -8.317852e+01 
  3.925225e+02  -8.393675e+01 
  3.935135e+02  -8.429393e+01 
  3.945045e+02  -8.442063e+01 
  3.954955e+02  -8.465067e+01 
  3.964865e+02  -8.472208e+01 
  3.974775e+02  -8.486964e+01 
  3.984685e+02  -8.494644e+01 
  3.994595e+02  -8.508579e+01 
  4.004504e+02  -8.519526e+01 
  4.014414e+02  -8.538749e+01 
  4.024324e+02  -8.563551e+01 
  4.034234e+02  -8.592269e+01 
  4.044144e+02  -8.652835e+01 
  4.054054e+02  -8.837341e+01 
  4.063964e+02  -1.036075e+02 
  4.073874e+02  -7.740514e+01 
  4.083784e+02  -7.953904e+01 
  4.093694e+02  -8.285321e+01 
  4.103604e+02  -8.212350e+01 
  4.113513e+02  -8.271971e+01 
  4.123423e+02  -8.255785e+01 
  4.133333e+02  -8.235452e+01 
  4.143243e+02  -8.204134e+01 
  4.153153e+02  -8.128114e+01 
  4.163063e+02  -8.049773e+01 
  4.172973e+02  -7.912273e+01 
  4.182883e+02  -7.631588e+01 
  4.192793e+02  -6.888510e+01 
  4.202703e+02  -6.768426e+01 
  4.212613e+02  -9.315903e+01 
  4.222523e+02  -8.741309e+01 
  4.232433e+02  -8.968984e+01 
  4.242342e+02  -9.221500e+01 
  4.252252e+02  -9.006644e+01 
  4.262162e+02  -8.933774e+01 
  4.272072e+02  -8.940092e+01 
  4.281982e+02  -8.889416e+01 
  4.291892e+02  -8.854891e+01 
  4.301802e+02  -8.829638e+01 
  4.311712e+02  -8.813799e+01 
  4.321622e+02  -8.796074e+01 
  4.331532e+02  -8.787677e+01 
  4.341441e+02  -8.777951e+01 
  4.351351e+02  -8.811655e+01 
  4.361261e+02  -8.760602e+01 
  4.371171e+02  -8.752248e+01 
  4.381081e+02  -8.747257e+01 
  4.390991e+02  -8.749310e+01 
  4.400901e+02  -8.731277e+01 
  4.410811e+02  -8.732397e+01 
  4.420721e+02  -8.734866e+01 
  4.430630e+02  -8.734042e+01 
  4.440540e+02  -8.725721e+01 
  4.450450e+02  -8.739281e+01 
  4.460360e+02  -8.711918e+01 
  4.470270e+02  -8.711782e+01 
  4.480180e+02  -8.726677e+01 
  4.490090e+02  -8.744650e+01 
  4.500000e+02  -8.742821e+01 
  4.509910e+02  -8.721340e+01 
  4.519820e+02  -8.702343e+01 
  4.529730e+02  -8.712991e+01 
  4.539640e+02  -8.712101e+01 
  4.549550e+02  -8.714671e+01 
  4.559460e+02  -8.716212e+01 
  4.569370e+02  -8.718871e+01 
  4.579279e+02  -8.714612e+01 
  4.589189e+02  -8.700735e+01 
  4.599099e+02  -8.708229e+01 
  4.609009e+02  -8.703304e+01 
  4.618919e+02  -8.707794e+01 
  4.628829e+02  -8.706345e+01 
  4.638739e+02  -8.710851e+01 
  4.648649e+02  -8.699591e+01 
  4.658559e+02  -8.704508e+01 
  4.668468e+02  -8.707533e+01 
  4.678378e+02  -8.705639e+01 
  4.688288e+02  -8.703303e+01 
  4.698198e+02  -8.710957e+01 
  4.708108e+02  -8.705912e+01 
  4.718018e+02  -8.694121e+01 
  4.727928e+02  -8.692076e+01 
  4.737838e+02  -8.716059e+01 
  4.747748e+02  -8.705061e+01 
  4.757658e+02  -8.702201e+01 
  4.767567e+02  -8.726906e+01 
  4.777477e+02  -8.716160e+01 
  4.787387e+02  -8.703730e+01 
  4.797297e+02  -8.702764e+01 
  4.807207e+02  -8.698741e+01 
  4.817117e+02  -8.707935e+01 
  4.827027e+02  -8.701437e+01 
  4.836937e+02  -8.707737e+01 
  4.846847e+02  -8.709836e+01 
  4.856757e+02  -8.704247e+01 
  4.866667e+02  -8.708625e+01 
  4.876577e+02  -8.703075e+01 
  4.886487e+02  -8.705138e+01 
  4.896396e+02  -8.706752e+01 
  4.906306e+02  -8.703736e+01 
  4.916216e+02  -8.708961e+01 
  4.926126e+02  -8.708041e+01 
  4.936036e+02  -8.707980e+01 
  4.945946e+02  -8.708142e+01 
  4.955856e+02  -8.707185e+01 
  4.965766e+02  -8.704604e+01 
  4.975676e+02  -8.712872e+01 
  4.985586e+02  -8.705361e+01 
  4.995496e+02  -8.717722e+01 
  5.005405e+02  -8.708858e+01 
  5.015315e+02  -8.712249e+01 
  5.025225e+02  -8.706612e+01 
  5.035135e+02  -8.720058e+01 
  5.045045e+02  -8.712083e+01 
  5.054955e+02  -8.712307e+01 
  5.064865e+02  -8.714993e+01 
  5.074775e+02  -8.709114e+01 
  5.084685e+02  -8.715627e+01 
  5.094595e+02  -8.717830e+01 
  5.104504e+02  -8.718961e+01 
  5.114414e+02  -8.717550e+01 
  5.124324e+02  -8.715356e+01 
  5.134234e+02  -8.715215e+01 
  5.144144e+02  -8.712052e+01 
  5.154054e+02  -8.716583e+01 
  5.163964e+02  -8.720038e+01 
  5.173874e+02  -8.711674e+01 
  5.183784e+02  -8.715065e+01 
  5.193694e+02  -8.720363e+01 
  5.203604e+02  -8.722134e+01 
  5.213514e+02  -8.717269e+01 
  5.223423e+02  -8.717509e+01 
  5.233333e+02  -8.721698e+01 
  5.243243e+02  -8.721334e+01 
  5.253153e+02  -8.721923e+01 
  5.263063e+02  -8.721991e+01 
  5.272973e+02  -8.728934e+01 
  5.282883e+02  -8.717819e+01 
  5.292793e+02  -8.721329e+01 
  5.302703e+02  -8.721753e+01 
  5.312613e+02  -8.725742e+01 
  5.322523e+02  -8.723549e+01 
  5.332432e+02  -8.720969e+01 
  5.342343e+02  -8.733523e+01 
  5.352252e+02  -8.725161e+01 
  5.362162e+02  -8.731345e+01 
  5.372072e+02  -8.728047e+01 
  5.381982e+02  -8.728709e+01 
  5.391892e+02  -8.731456e+01 
  5.401802e+02  -8.727390e+01 
  5.411711e+02  -8.730957e+01 
  5.421622e+02  -8.731834e+01 
  5.431531e+02  -8.727382e+01 
  5.441442e+02  -8.735400e+01 
  5.451351e+02  -8.731110e+01 
  5.461261e+02  -8.735883e+01 
  5.471171e+02  -8.735268e+01 
  5.481081e+02  -8.705859e+01 
  5.490991e+02  -8.726424e+01 
  5.500901e+02  -8.843057e+01 
  5.510811e+02  -8.742468e+01 
  5.520721e+02  -8.736101e+01 
  5.530630e+02  -8.729326e+01 
  5.540541e+02  -8.729824e+01 
  5.550450e+02  -8.735904e+01 
  5.560360e+02  -8.734516e+01 
  5.570270e+02  -8.741084e+01 
  5.580180e+02  -8.733365e+01 
  5.590090e+02  -8.739303e+01 
  5.600000e+02  -8.744232e+01 
  5.609910e+02  -8.737000e+01 
  5.619820e+02  -8.738806e+01 
  5.629730e+02  -8.742110e+01 
  5.639640e+02  -8.743721e+01 
  5.649550e+02  -8.731162e+01 
  5.659459e+02  -8.741383e+01 
  5.669370e+02  -8.743116e+01 
  5.679279e+02  -8.741337e+01 
  5.689189e+02  -8.733942e+01 
  5.699099e+02  -8.749069e+01 
  5.709009e+02  -8.742376e+01 
  5.718919e+02  -8.740136e+01 
  5.728829e+02  -8.750439e+01 
  5.738739e+02  -8.745731e+01 
  5.748649e+02  -8.749535e+01 
  5.758558e+02  -8.749834e+01 
  5.768469e+02  -8.753017e+01 
  5.778378e+02  -8.745648e+01 
  5.788289e+02  -8.756063e+01 
  5.798198e+02  -8.753493e+01 
  5.808108e+02  -8.755869e+01 
  5.818018e+02  -8.755251e+01 
  5.827928e+02  -8.760126e+01 
  5.837838e+02  -8.754179e+01 
  5.847748e+02  -8.752010e+01 
  5.857657e+02  -8.753891e+01 
  5.867568e+02  -8.754377e+01 
  5.877477e+02  -8.759540e+01 
  5.887387e+02  -8.757702e+01 
  5.897297e+02  -8.756323e+01 
  5.907207e+02  -8.760876e+01 
  5.917117e+02  -8.765936e+01 
  5.927027e+02  -8.761536e+01 
  5.936937e+02  -8.757364e+01 
  5.946847e+02  -8.765373e+01 
  5.956757e+02  -8.763086e+01 
  5.966667e+02  -8.755166e+01 
  5.976577e+02  -8.763998e+01 
  5.986486e+02  -8.769226e+01 
  5.996396e+02  -8.765102e+01 
  6.006306e+02  -8.765461e+01 
  6.016216e+02  -8.764952e+01 
  6.026126e+02  -8.765160e+01 
  6.036036e+02  -8.764564e+01 
  6.045946e+02  -8.777320e+01 
  6.055856e+02  -8.770747e+01 
  6.065766e+02  -8.773249e+01 
  6.075676e+02  -8.776987e+01 
  6.085585e+02  -8.775743e+01 
  6.095496e+02  -8.779547e+01 
  6.105405e+02  -8.781430e+01 
  6.115316e+02  -8.787835e+01 
  6.125225e+02  -8.782969e+01 
  6.135135e+02  -8.788927e+01 
  6.145045e+02  -8.791873e+01 
  6.154955e+02  -8.790405e+01 
  6.164865e+02  -8.795557e+01 
  6.174775e+02  -8.796790e+01 
  6.184684e+02  -8.803733e+01 
  6.194595e+02  -8.806792e+01 
  6.204504e+02  -8.813708e+01 
  6.214415e+02  -8.812329e+01 
  6.224324e+02  -8.819426e+01 
  6.234234e+02  -8.828245e+01 
  6.244144e+02  -8.821120e+01 
  6.254054e+02  -8.835113e+01 
  6.263964e+02  -8.842278e+01 
  6.273874e+02  -8.856435e+01 
  6.283784e+02  -8.873911e+01 
  6.293694e+02  -8.884216e+01 
  6.303604e+02  -8.906048e+01 
  6.313514e+02  -8.951124e+01 
  6.323423e+02  -9.118212e+01 
  6.333333e+02  -8.843375e+01 
  6.343243e+02  -8.918788e+01 
  6.353153e+02  -8.990009e+01 
  6.363063e+02  -9.185365e+01 
  6.372973e+02  -9.133545e+01 
  6.382883e+02  -9.178072e+01 
  6.392793e+02  -9.622784e+01 
  6.402703e+02  -8.314639e+01 
  6.412613e+02  -7.586478e+01 
  6.422523e+02  -8.501009e+01 
  6.432432e+02  -8.391909e+01 
  6.442343e+02  -8.592704e+01 
  6.452252e+02  -8.631228e+01 
  6.462162e+02  -8.670396e+01 
  6.472072e+02  -8.738746e+01 
  6.481982e+02  -8.768826e+01 
  6.491892e+02  -8.830587e+01 
  6.501802e+02  -8.904900e+01 
  6.511711e+02  -9.031374e+01 
  6.521622e+02  -9.276633e+01 
  6.531531e+02  -9.688352e+01 
  6.541442e+02  -7.866177e+01 
  6.551351e+02  -7.401640e+01 
  6.561261e+02  -8.114588e+01 
  6.571171e+02  -8.174510e+01 
  6.581081e+02  -8.270690e+01 
  6.590991e+02  -8.347164e+01 
  6.600901e+02  -8.376518e+01 
  6.610811e+02  -8.403270e+01 
  6.620721e+02  -8.402618e+01 
  6.630630e+02  -8.417450e+01 
  6.640541e+02  -8.416295e+01 
  6.650450e+02  -8.408473e+01 
  6.660360e+02  -8.396061e+01 
  6.670270e+02  -8.368164e+01 
  6.680180e+02  -8.330523e+01 
  6.690090e+02  -8.269812e+01 
  6.700000e+02  -8.170928e+01 
  6.709910e+02  -7.966001e+01 
  6.719820e+02  -7.423878e+01 
  6.729730e+02  -7.353719e+01 
  6.739640e+02  -1.055812e+02 
  6.749550e+02  -8.870902e+01 
  6.759459e+02  -9.087634e+01 
  6.769370e+02  -8.933884e+01 
  6.779279e+02  -8.847746e+01 
  6.789189e+02  -8.799449e+01 
  6.799099e+02  -8.753147e+01 
  6.809009e+02  -8.725787e+01 
  6.818919e+02  -8.698582e+01 
  6.828829e+02  -8.672460e+01 
  6.838739e+02  -8.640555e+01 
  6.848649e+02  -8.611224e+01 
  6.858558e+02  -8.567105e+01 
  6.868469e+02  -8.518958e+01 
  6.878378e+02  -8.458359e+01 
  6.888289e+02  -8.379007e+01 
  6.898198e+02  -8.255542e+01 
  6.908108e+02  -8.040519e+01 
  6.918018e+02  -7.536162e+01 
  6.927928e+02  -7.087538e+01 
  6.937838e+02  -7.915239e+01 
  6.947748e+02  -9.304211e+01 
  6.957657e+02  -9.123086e+01 
  6.967568e+02  -9.317814e+01 
  6.977477e+02  -9.301120e+01 
  6.987387e+02  -9.233157e+01 
  6.997297e+02  -9.171555e+01 
  7.007207e+02  -9.122095e+01 
  7.017117e+02  -9.097514e+01 
  7.027027e+02  -9.055992e+01 
  7.036937e+02  -9.046342e+01 
  7.046847e+02  -9.048965e+01 
  7.056757e+02  -9.027685e+01 
  7.066667e+02  -9.015306e+01 
  7.076577e+02  -9.019189e+01 
  7.086486e+02  -9.018363e+01 
  7.096396e+02  -9.039172e+01 
  7.106306e+02  -9.112472e+01 
  7.116216e+02  -9.183729e+01 
  7.126126e+02  -8.825710e+01 
  7.136036e+02  -8.903443e+01 
  7.145946e+02  -8.918688e+01 
  7.155856e+02  -8.909121e+01 
  7.165766e+02  -8.910563e+01 
  7.175676e+02  -8.915636e+01 
  7.185585e+02  -8.922556e+01 
  7.195496e+02  -8.913347e+01 
  7.205405e+02  -8.906419e+01 
  7.215316e+02  -8.899786e+01 
  7.225225e+02  -8.879827e+01 
  7.235135e+02  -8.818376e+01 
  7.245045e+02  -8.665784e+01 
  7.254955e+02  -8.129906e+01 
  7.264865e+02  -8.452223e+01 
  7.274775e+02  -9.392896e+01 
  7.284684e+02  -9.540066e+01 
  7.294595e+02  -9.455212e+01 
  7.304504e+02  -9.037844e+01 
  7.314415e+02  -7.987012e+01 
  7.324324e+02  -7.315723e+01 
  7.334234e+02  -7.746608e+01 
  7.344144e+02  -8.335715e+01 
  7.354054e+02  -8.435022e+01 
  7.363964e+02  -8.527058e+01 
  7.373874e+02  -8.579077e+01 
  7.383784e+02  -8.590691e+01 
  7.393694e+02  -8.622626e+01 
  7.403604e+02  -8.656546e+01 
  7.413514e+02  -8.674152e+01 
  7.423423e+02  -8.688358e+01 
  7.433333e+02  -8.701379e+01 
  7.443243e+02  -8.713720e+01 
  7.453153e+02  -8.721850e+01 
  7.463063e+02  -8.732796e+01 
  7.472973e+02  -8.738441e+01 
  7.482883e+02  -8.735957e+01 
  7.492793e+02  -8.745441e+01 
  7.502703e+02  -8.807891e+01 
  7.512613e+02  -8.746948e+01 
  7.522523e+02  -8.764165e+01 
  7.532432e+02  -8.766855e+01 
  7.542343e+02  -8.765850e+01 
  7.552252e+02  -8.767458e+01 
  7.562162e+02  -8.776166e+01 
  7.572072e+02  -8.772790e+01 
  7.581982e+02  -8.773840e+01 
  7.591892e+02  -8.777251e+01 
  7.601802e+02  -8.781590e+01 
  7.611711e+02  -8.784872e+01 
  7.621622e+02  -8.786720e+01 
  7.631531e+02  -8.777603e+01 
  7.641442e+02  -8.791058e+01 
  7.651351e+02  -8.787189e+01 
  7.661261e+02  -8.789685e+01 
  7.671171e+02  -8.787235e+01 
  7.681081e+02  -8.789655e+01 
  7.690991e+02  -8.791562e+01 
  7.700901e+02  -8.788811e+01 
  7.710811e+02  -8.798415e+01 
  7.720721e+02  -8.788018e+01 
  7.730630e+02  -8.795703e+01 
  7.740541e+02  -8.799817e+01 
  7.750450e+02  -8.796812e+01 
  7.760360e+02  -8.799813e+01 
  7.770270e+02  -8.795441e+01 
  7.780180e+02  -8.797028e+01 
  7.790090e+02  -8.798957e+01 
  7.800000e+02  -8.803869e+01 
  7.809910e+02  -8.802415e+01 
  7.819820e+02  -8.802490e+01 
  7.829730e+02  -8.801488e+01 
  7.839640e+02  -8.801435e+01 
  7.849550e+02  -8.799000e+01 
  7.859459e+02  -8.805801e+01 
  7.869370e+02  -8.798608e+01 
  7.879279e+02  -8.799546e+01 
  7.889189e+02  -8.807260e+01 
  7.899099e+02  -8.806181e+01 
  7.909009e+02  -8.811256e+01 
  7.918919e+02  -8.804153e+01 
  7.928829e+02  -8.805350e+01 
  7.938739e+02  -8.813999e+01 
  7.948649e+02  -8.803398e+01 
  7.958558e+02  -8.804085e+01 
  7.968469e+02  -8.811469e+01 
  7.978378e+02  -8.812555e+01 
  7.988289e+02  -8.818190e+01 
  7.998198e+02  -8.807624e+01 
  8.008108e+02  -8.808027e+01 
  8.018018e+02  -8.809113e+01 
  8.027928e+02  -8.809032e+01 
  8.037838e+02  -8.814860e+01 
  8.047748e+02  -8.812079e+01 
  8.057657e+02  -8.813560e+01 
  8.067568e+02  -8.813915e+01 
  8.077477e+02  -8.815424e+01 
  8.087387e+02  -8.814861e+01 
  8.097297e+02  -8.815971e+01 
  8.107207e+02  -8.816187e+01 
  8.117117e+02  -8.808590e+01 
  8.127027e+02  -8.816483e+01 
  8.136937e+02  -8.819743e+01 
  8.146847e+02  -8.815477e+01 
  8.156757e+02  -8.812194e+01 
  8.166667e+02  -8.809560e+01 
  8.176577e+02  -8.814077e+01 
  8.186486e+02  -8.817596e+01 
  8.196396e+02  -8.819477e+01 
  8.206306e+02  -8.818837e+01 
  8.216216e+02  -8.821235e+01 
  8.226126e+02  -8.821483e+01 
  8.236036e+02  -8.818231e+01 
  8.245946e+02  -8.820160e+01 
  8.255856e+02  -8.821207e+01 
  8.265766e+02  -8.825626e+01 
  8.275676e+02  -8.824455e+01 
  8.285585e+02  -8.829020e+01 
  8.295496e+02  -8.824940e+01 
  8.305405e+02  -8.816458e+01 
  8.315316e+02  -8.821869e+01 
  8.325225e+02  -8.822316e+01 
  8.335135e+02  -8.822038e+01 
  8.345045e+02  -8.825114e+01 
  8.354955e+02  -8.821976e+01 
  8.364865e+02  -8.824681e+01 
  8.374775e+02  -8.826176e+01 
  8.384684e+02  -8.826584e+01 
  8.394595e+02  -8.821848e+01 
  8.404504e+02  -8.829877e+01 
  8.414415e+02  -8.827552e+01 
  8.424324e+02  -8.825645e+01 
  8.434234e+02  -8.823105e+01 
  8.444144e+02  -8.826637e+01 
  8.454054e+02  -8.829765e+01 
  8.463964e+02  -8.819837e+01 
  8.473874e+02  -8.826166e+01 
  8.483784e+02  -8.827578e+01 
  8.493694e+02  -8.824530e+01 
  8.503604e+02  -8.817680e+01 
  8.513514e+02  -8.824073e+01 
  8.523423e+02  -8.822912e+01 
  8.533333e+02  -8.826524e+01 
  8.543243e+02  -8.833717e+01 
  8.553153e+02  -8.832851e+01 
  8.563063e+02  -8.828329e+01 
  8.572973e+02  -8.830453e+01 
  8.582883e+02  -8.823003e+01 
  8.592793e+02  -8.837535e+01 
  8.602703e+02  -8.831320e+01 
  8.612613e+02  -8.826983e+01 
  8.622523e+02  -8.831178e+01 
  8.632432e+02  -8.831720e+01 
  8.642343e+02  -8.830746e+01 
  8.652252e+02  -8.834142e+01 
  8.662162e+02  -8.828101e+01 
  8.672072e+02  -8.832651e+01 
  8.681982e+02  -8.837226e+01 
  8.691892e+02  -8.829196e+01 
  8.701802e+02  -8.836620e+01 
  8.711711e+02  -8.835436e+01 
  8.721622e+02  -8.837086e+01 
  8.731531e+02  -8.837652e+01 
  8.741442e+02  -8.831463e+01 
  8.751351e+02  -8.830839e+01 
  8.761261e+02  -8.835975e+01 
  8.771171e+02  -8.832121e+01 
  8.781081e+02  -8.836317e+01 
  8.790991e+02  -8.838506e+01 
  8.800901e+02  -8.842014e+01 
  8.810811e+02  -8.837513e+01 
  8.820721e+02  -8.831071e+01 
  8.830630e+02  -8.839249e+01 
  8.840541e+02  -8.844116e+01 
  8.850450e+02  -8.835390e+01 
  8.860360e+02  -8.833899e+01 
  8.870270e+02  -8.837173e+01 
  8.880180e+02  -8.839430e+01 
  8.890090e+02  -8.840884e+01 
  8.900000e+02  -8.837987e+01 
  8.909910e+02  -8.839509e+01 
  8.919820e+02  -8.838805e+01 
  8.929730e+02  -8.841561e+01 
  8.939640e+02  -8.837169e+01 
  8.949550e+02  -8.839067e+01 
  8.959459e+02  -8.842398e+01 
  8.969370e+02  -8.837459e+01 
  8.979279e+02  -8.840305e+01 
  8.989189e+02  -8.842051e+01 
  8.999099e+02  -8.837360e+01 
  9.009009e+02  -8.834632e+01 
  9.018919e+02  -8.846353e+01 
  9.028829e+02  -8.837553e+01 
  9.038739e+02  -8.840331e+01 
  9.048649e+02  -8.836990e+01 
  9.058558e+02  -8.843587e+01 
  9.068469e+02  -8.849253e+01 
  9.078378e+02  -8.842597e+01 
  9.088289e+02  -8.839994e+01 
  9.098198e+02  -8.848958e+01 
  9.108108e+02  -8.841409e+01 
  9.118018e+02  -8.843292e+01 
  9.127928e+02  -8.844939e+01 
  9.137838e+02  -8.840512e+01 
  9.147748e+02  -8.846046e+01 
  9.157657e+02  -8.850191e+01 
  9.167568e+02  -8.848960e+01 
  9.177477e+02  -8.835441e+01 
  9.187387e+02  -8.850982e+01 
  9.197297e+02  -8.840285e+01 
  9.207207e+02  -8.846626e+01 
  9.217117e+02  -8.842551e+01 
  9.227027e+02  -8.853067e+01 
  9.236937e+02  -8.840993e+01 
  9.246847e+02  -8.844846e+01 
  9.256757e+02  -8.841293e+01 
  9.266667e+02  -8.848111e+01 
  9.276577e+02  -8.845135e+01 
  9.286486e+02  -8.841471e+01 
  9.296396e+02  -8.846574e+01 
  9.306306e+02  -8.851912e+01 
  9.316216e+02  -8.847799e+01 
  9.326126e+02  -8.850924e+01 
  9.336036e+02  -8.841525e+01 
  9.345946e+02  -8.848312e+01 
  9.355856e+02  -8.847116e+01 
  9.365766e+02  -8.848508e+01 
  9.375676e+02  -8.852576e+01 
  9.385585e+02  -8.847331e+01 
  9.395496e+02  -8.845686e+01 
  9.405405e+02  -8.848790e+01 
  9.415316e+02  -8.844038e+01 
  9.425225e+02  -8.844633e+01 
  9.435135e+02  -8.846210e+01 
  9.445045e+02  -8.854590e+01 
  9.454955e+02  -8.842348e+01 
  9.464865e+02  -8.842804e+01 
  9.474775e+02  -8.855016e+01 
  9.484684e+02  -8.855123e+01 
  9.494595e+02  -8.852583e+01 
  9.504504e+02  -8.877653e+01 
  9.514415e+02  -8.840027e+01 
  9.524324e+02  -8.853519e+01 
  9.534234e+02  -8.851611e+01 
  9.544144e+02  -8.848469e+01 
  9.554054e+02  -8.846611e+01 
  9.563964e+02  -8.845586e+01 
  9.573874e+02  -8.842409e+01 
  9.583784e+02  -8.842480e+01 
  9.593694e+02  -8.842073e+01 
  9.603604e+02  -8.843921e+01 
  9.613514e+02  -8.848109e+01 
  9.623423e+02  -8.847357e+01 
  9.633333e+02  -8.840344e+01 
  9.643243e+02  -8.837656e+01 
  9.653153e+02  -8.823622e+01 
  9.663063e+02  -8.817406e+01 
  9.672973e+02  -8.718838e+01 
  9.682883e+02  -8.864523e+01 
  9.692793e+02  -8.912257e+01 
  9.702703e+02  -8.883374e+01 
  9.712613e+02  -8.872685e+01 
  9.722523e+02  -8.868288e+01 
  9.732432e+02  -8.867207e+01 
  9.742343e+02  -8.868359e+01 
  9.752252e+02  -8.861455e+01 
  9.762162e+02  -8.859605e+01 
  9.772072e+02  -8.860057e+01 
  9.781982e+02  -8.861686e+01 
  9.791892e+02  -8.861194e+01 
  9.801802e+02  -8.860281e+01 
  9.811711e+02  -8.864894e+01 
  9.821622e+02  -8.854761e+01 
  9.831531e+02  -8.859328e+01 
  9.841442e+02  -8.865665e+01 
  9.851351e+02  -8.866728e+01 
  9.861261e+02  -8.859189e+01 
  9.871171e+02  -8.856039e+01 
  9.881081e+02  -8.859468e+01 
  9.890991e+02  -8.859348e+01 
  9.900901e+02  -8.864490e+01 
  9.910811e+02  -8.861455e+01 
  9.920721e+02  -8.852623e+01 
  9.930630e+02  -8.857045e+01 
  9.940541e+02  -8.855088e+01 
  9.950450e+02  -8.849791e+01 
  9.960360e+02  -8.850101e+01 
  9.970270e+02  -8.842867e+01 
  9.980180e+02  -8.845940e+01 
  9.990090e+02  -8.839450e+01 
  1.000000e+03  -8.823370e+01 
