  1.000000e+01  -8.910744e+01 
  1.099099e+01  -8.310878e+01 
  1.198198e+01  -8.830145e+01 
  1.297297e+01  -8.475940e+01 
  1.396396e+01  -8.581078e+01 
  1.495496e+01  -8.559124e+01 
  1.594595e+01  -8.559014e+01 
  1.693694e+01  -8.261067e+01 
  1.792793e+01  -8.125764e+01 
  1.891892e+01  -7.915559e+01 
  1.990991e+01  -7.657812e+01 
  2.090090e+01  -7.302553e+01 
  2.189189e+01  -6.626574e+01 
  2.288288e+01  -5.373660e+01 
  2.387387e+01  -5.211221e+01 
  2.486486e+01  -5.513690e+01 
  2.585586e+01  -7.751431e+01 
  2.684685e+01  -8.214630e+01 
  2.783784e+01  -8.216536e+01 
  2.882883e+01  -8.462299e+01 
  2.981982e+01  -8.707609e+01 
  3.081081e+01  -8.780553e+01 
  3.180180e+01  -8.828322e+01 
  3.279279e+01  -9.065670e+01 
  3.378378e+01  -9.036877e+01 
  3.477478e+01  -9.028868e+01 
  3.576577e+01  -9.016134e+01 
  3.675676e+01  -8.938661e+01 
  3.774775e+01  -8.971256e+01 
  3.873874e+01  -8.975383e+01 
  3.972973e+01  -8.826904e+01 
  4.072072e+01  -8.715219e+01 
  4.171171e+01  -8.609690e+01 
  4.270270e+01  -8.417937e+01 
  4.369370e+01  -8.210688e+01 
  4.468468e+01  -7.949630e+01 
  4.567567e+01  -7.556094e+01 
  4.666667e+01  -6.962883e+01 
  4.765766e+01  -5.731564e+01 
  4.864865e+01  -6.066612e+01 
  4.963964e+01  -7.089320e+01 
  5.063063e+01  -7.508948e+01 
  5.162162e+01  -8.119760e+01 
  5.261261e+01  -8.134839e+01 
  5.360360e+01  -8.289121e+01 
  5.459459e+01  -8.166215e+01 
  5.558559e+01  -8.195238e+01 
  5.657658e+01  -8.427767e+01 
  5.756757e+01  -8.007112e+01 
  5.855856e+01  -8.398662e+01 
  5.954955e+01  -8.316937e+01 
  6.054054e+01  -8.280666e+01 
  6.153153e+01  -8.389887e+01 
  6.252252e+01  -8.500204e+01 
  6.351351e+01  -8.431594e+01 
  6.450450e+01  -8.429367e+01 
  6.549550e+01  -8.486863e+01 
  6.648649e+01  -8.489620e+01 
  6.747748e+01  -8.481642e+01 
  6.846847e+01  -8.494753e+01 
  6.945946e+01  -8.469006e+01 
  7.045045e+01  -8.490970e+01 
  7.144144e+01  -8.451764e+01 
  7.243243e+01  -8.498454e+01 
  7.342342e+01  -8.512143e+01 
  7.441441e+01  -8.520486e+01 
  7.540540e+01  -8.538262e+01 
  7.639639e+01  -8.549163e+01 
  7.738739e+01  -8.559985e+01 
  7.837838e+01  -8.574532e+01 
  7.936937e+01  -8.564545e+01 
  8.036036e+01  -8.583282e+01 
  8.135135e+01  -8.622241e+01 
  8.234234e+01  -8.645485e+01 
  8.333334e+01  -8.656990e+01 
  8.432433e+01  -8.675304e+01 
  8.531532e+01  -8.716516e+01 
  8.630630e+01  -8.766647e+01 
  8.729729e+01  -8.829359e+01 
  8.828829e+01  -8.898689e+01 
  8.927928e+01  -9.009061e+01 
  9.027027e+01  -9.094544e+01 
  9.126126e+01  -8.920285e+01 
  9.225225e+01  -8.260772e+01 
  9.324324e+01  -7.137288e+01 
  9.423424e+01  -6.400218e+01 
  9.522523e+01  -6.767328e+01 
  9.621622e+01  -7.335107e+01 
  9.720721e+01  -8.024255e+01 
  9.819820e+01  -7.945326e+01 
  9.918919e+01  -7.814854e+01 
  1.001802e+02  -7.902499e+01 
  1.011712e+02  -8.036976e+01 
  1.021622e+02  -8.031824e+01 
  1.031532e+02  -7.994662e+01 
  1.041441e+02  -7.996860e+01 
  1.051351e+02  -8.025787e+01 
  1.061261e+02  -7.999802e+01 
  1.071171e+02  -7.961015e+01 
  1.081081e+02  -7.933592e+01 
  1.090991e+02  -7.867677e+01 
  1.100901e+02  -7.763551e+01 
  1.110811e+02  -7.575016e+01 
  1.120721e+02  -7.336083e+01 
  1.130631e+02  -6.446716e+01 
  1.140541e+02  -6.414232e+01 
  1.150450e+02  -8.136635e+01 
  1.160360e+02  -8.689052e+01 
  1.170270e+02  -8.565076e+01 
  1.180180e+02  -8.467167e+01 
  1.190090e+02  -8.644044e+01 
  1.200000e+02  -8.954321e+01 
  1.209910e+02  -8.988550e+01 
  1.219820e+02  -8.703209e+01 
  1.229730e+02  -8.637335e+01 
  1.239640e+02  -8.679002e+01 
  1.249550e+02  -8.746355e+01 
  1.259459e+02  -8.871636e+01 
  1.269369e+02  -9.855778e+01 
  1.279279e+02  -8.038368e+01 
  1.289189e+02  -8.018645e+01 
  1.299099e+02  -8.563763e+01 
  1.309009e+02  -8.376341e+01 
  1.318919e+02  -8.492826e+01 
  1.328829e+02  -8.446503e+01 
  1.338739e+02  -8.493733e+01 
  1.348649e+02  -8.444148e+01 
  1.358559e+02  -8.514089e+01 
  1.368468e+02  -8.462522e+01 
  1.378378e+02  -8.500327e+01 
  1.388288e+02  -8.469663e+01 
  1.398198e+02  -8.489601e+01 
  1.408108e+02  -8.473126e+01 
  1.418018e+02  -8.447472e+01 
  1.427928e+02  -8.599345e+01 
  1.437838e+02  -8.425741e+01 
  1.447748e+02  -8.489272e+01 
  1.457658e+02  -8.477545e+01 
  1.467568e+02  -8.468332e+01 
  1.477477e+02  -8.515081e+01 
  1.487387e+02  -8.396091e+01 
  1.497297e+02  -8.739307e+01 
  1.507207e+02  -8.499494e+01 
  1.517117e+02  -8.537004e+01 
  1.527027e+02  -8.441874e+01 
  1.536937e+02  -8.488611e+01 
  1.546847e+02  -8.497827e+01 
  1.556757e+02  -8.455032e+01 
  1.566667e+02  -8.493917e+01 
  1.576577e+02  -8.481876e+01 
  1.586487e+02  -8.477037e+01 
  1.596396e+02  -8.491669e+01 
  1.606306e+02  -8.490701e+01 
  1.616216e+02  -8.467244e+01 
  1.626126e+02  -8.478830e+01 
  1.636036e+02  -8.473843e+01 
  1.645946e+02  -8.476524e+01 
  1.655856e+02  -8.477898e+01 
  1.665766e+02  -8.490307e+01 
  1.675676e+02  -8.488166e+01 
  1.685586e+02  -8.476541e+01 
  1.695495e+02  -8.481116e+01 
  1.705405e+02  -8.484612e+01 
  1.715315e+02  -8.491282e+01 
  1.725225e+02  -8.482730e+01 
  1.735135e+02  -8.478527e+01 
  1.745045e+02  -8.485015e+01 
  1.754955e+02  -8.483527e+01 
  1.764865e+02  -8.489152e+01 
  1.774775e+02  -8.488488e+01 
  1.784685e+02  -8.477868e+01 
  1.794595e+02  -8.490643e+01 
  1.804505e+02  -8.487160e+01 
  1.814414e+02  -8.493205e+01 
  1.824324e+02  -8.487972e+01 
  1.834234e+02  -8.490298e+01 
  1.844144e+02  -8.484744e+01 
  1.854054e+02  -8.483888e+01 
  1.863964e+02  -8.484097e+01 
  1.873874e+02  -8.488113e+01 
  1.883784e+02  -8.492513e+01 
  1.893694e+02  -8.489800e+01 
  1.903604e+02  -8.487144e+01 
  1.913513e+02  -8.488866e+01 
  1.923423e+02  -8.486264e+01 
  1.933333e+02  -8.488882e+01 
  1.943243e+02  -8.484094e+01 
  1.953153e+02  -8.486104e+01 
  1.963063e+02  -8.489153e+01 
  1.972973e+02  -8.494079e+01 
  1.982883e+02  -8.494189e+01 
  1.992793e+02  -8.495666e+01 
  2.002703e+02  -8.497131e+01 
  2.012613e+02  -8.489745e+01 
  2.022523e+02  -8.490621e+01 
  2.032432e+02  -8.495159e+01 
  2.042342e+02  -8.495594e+01 
  2.052252e+02  -8.517746e+01 
  2.062162e+02  -8.469776e+01 
  2.072072e+02  -8.476931e+01 
  2.081982e+02  -8.481363e+01 
  2.091892e+02  -8.478214e+01 
  2.101802e+02  -8.481796e+01 
  2.111712e+02  -8.481152e+01 
  2.121622e+02  -8.477702e+01 
  2.131532e+02  -8.467348e+01 
  2.141441e+02  -8.477921e+01 
  2.151351e+02  -8.480095e+01 
  2.161261e+02  -8.467367e+01 
  2.171171e+02  -8.465443e+01 
  2.181081e+02  -8.471780e+01 
  2.190991e+02  -8.461427e+01 
  2.200901e+02  -8.459715e+01 
  2.210811e+02  -8.459182e+01 
  2.220721e+02  -8.455148e+01 
  2.230631e+02  -8.456610e+01 
  2.240540e+02  -8.444865e+01 
  2.250450e+02  -8.448717e+01 
  2.260360e+02  -8.436156e+01 
  2.270270e+02  -8.425648e+01 
  2.280180e+02  -8.422106e+01 
  2.290090e+02  -8.423318e+01 
  2.300000e+02  -8.408801e+01 
  2.309910e+02  -8.398306e+01 
  2.319820e+02  -8.386075e+01 
  2.329730e+02  -8.382998e+01 
  2.339640e+02  -8.377564e+01 
  2.349550e+02  -8.327545e+01 
  2.359460e+02  -8.330478e+01 
  2.369369e+02  -8.293559e+01 
  2.379279e+02  -8.274356e+01 
  2.389189e+02  -8.243188e+01 
  2.399099e+02  -8.192266e+01 
  2.409009e+02  -8.154183e+01 
  2.418919e+02  -8.087268e+01 
  2.428829e+02  -7.999107e+01 
  2.438739e+02  -7.903853e+01 
  2.448649e+02  -7.744294e+01 
  2.458559e+02  -7.519708e+01 
  2.468468e+02  -7.158074e+01 
  2.478378e+02  -6.278741e+01 
  2.488288e+02  -5.826025e+01 
  2.498198e+02  -6.691280e+01 
  2.508108e+02  -7.667215e+01 
  2.518018e+02  -7.708840e+01 
  2.527928e+02  -7.901343e+01 
  2.537838e+02  -7.795950e+01 
  2.547748e+02  -7.453492e+01 
  2.557658e+02  -6.574986e+01 
  2.567567e+02  -7.150611e+01 
  2.577477e+02  -7.893452e+01 
  2.587387e+02  -8.282783e+01 
  2.597297e+02  -8.422286e+01 
  2.607207e+02  -8.536765e+01 
  2.617117e+02  -8.586102e+01 
  2.627027e+02  -8.669406e+01 
  2.636937e+02  -8.639436e+01 
  2.646847e+02  -8.631579e+01 
  2.656757e+02  -8.584763e+01 
  2.666667e+02  -8.403223e+01 
  2.676577e+02  -7.940601e+01 
  2.686487e+02  -7.332417e+01 
  2.696396e+02  -8.145748e+01 
  2.706306e+02  -8.790811e+01 
  2.716216e+02  -9.038391e+01 
  2.726126e+02  -9.066647e+01 
  2.736036e+02  -9.082751e+01 
  2.745946e+02  -9.058820e+01 
  2.755856e+02  -8.950774e+01 
  2.765766e+02  -8.860251e+01 
  2.775676e+02  -8.734444e+01 
  2.785586e+02  -8.562663e+01 
  2.795496e+02  -8.343056e+01 
  2.805405e+02  -8.104487e+01 
  2.815315e+02  -7.769719e+01 
  2.825225e+02  -7.325172e+01 
  2.835135e+02  -6.542826e+01 
  2.845045e+02  -5.781643e+01 
  2.854955e+02  -6.212803e+01 
  2.864865e+02  -7.081290e+01 
  2.874775e+02  -7.607294e+01 
  2.884685e+02  -7.537943e+01 
  2.894595e+02  -7.623560e+01 
  2.904504e+02  -7.753143e+01 
  2.914414e+02  -7.834917e+01 
  2.924324e+02  -7.884486e+01 
  2.934234e+02  -7.917130e+01 
  2.944144e+02  -7.944248e+01 
  2.954054e+02  -7.961172e+01 
  2.963964e+02  -7.964837e+01 
  2.973874e+02  -7.951033e+01 
  2.983784e+02  -7.910019e+01 
  2.993694e+02  -7.824999e+01 
  3.003604e+02  -7.627328e+01 
  3.013513e+02  -6.969679e+01 
  3.023423e+02  -7.159083e+01 
  3.033333e+02  -8.461256e+01 
  3.043243e+02  -9.417824e+01 
  3.053153e+02  -8.673134e+01 
  3.063063e+02  -8.683225e+01 
  3.072973e+02  -8.692509e+01 
  3.082883e+02  -8.500645e+01 
  3.092793e+02  -8.564042e+01 
  3.102703e+02  -8.599052e+01 
  3.112613e+02  -8.652959e+01 
  3.122523e+02  -8.743604e+01 
  3.132433e+02  -8.958201e+01 
  3.142342e+02  -9.319650e+01 
  3.152252e+02  -8.188596e+01 
  3.162162e+02  -6.894096e+01 
  3.172072e+02  -7.091744e+01 
  3.181982e+02  -7.482189e+01 
  3.191892e+02  -7.628014e+01 
  3.201802e+02  -7.670474e+01 
  3.211712e+02  -7.617983e+01 
  3.221622e+02  -7.621859e+01 
  3.231532e+02  -7.497965e+01 
  3.241441e+02  -7.199620e+01 
  3.251351e+02  -6.552194e+01 
  3.261261e+02  -6.061039e+01 
  3.271171e+02  -6.758916e+01 
  3.281081e+02  -8.116621e+01 
  3.290991e+02  -8.868716e+01 
  3.300901e+02  -8.687912e+01 
  3.310811e+02  -9.183744e+01 
  3.320721e+02  -9.272030e+01 
  3.330630e+02  -9.020798e+01 
  3.340540e+02  -9.072426e+01 
  3.350450e+02  -8.967918e+01 
  3.360360e+02  -8.931225e+01 
  3.370270e+02  -8.907332e+01 
  3.380180e+02  -8.860569e+01 
  3.390090e+02  -8.854554e+01 
  3.400000e+02  -8.822179e+01 
  3.409910e+02  -8.805395e+01 
  3.419820e+02  -8.794067e+01 
  3.429730e+02  -8.769804e+01 
  3.439640e+02  -8.773481e+01 
  3.449550e+02  -8.758227e+01 
  3.459460e+02  -8.748747e+01 
  3.469370e+02  -8.750600e+01 
  3.479279e+02  -8.726136e+01 
  3.489189e+02  -8.727853e+01 
  3.499099e+02  -8.810593e+01 
  3.509009e+02  -8.748758e+01 
  3.518919e+02  -8.722993e+01 
  3.528829e+02  -8.698833e+01 
  3.538739e+02  -8.714803e+01 
  3.548649e+02  -8.708684e+01 
  3.558559e+02  -8.689996e+01 
  3.568468e+02  -8.694254e+01 
  3.578378e+02  -8.692992e+01 
  3.588288e+02  -8.688771e+01 
  3.598198e+02  -8.682627e+01 
  3.608108e+02  -8.687873e+01 
  3.618018e+02  -8.692768e+01 
  3.627928e+02  -8.675429e+01 
  3.637838e+02  -8.678013e+01 
  3.647748e+02  -8.679079e+01 
  3.657658e+02  -8.682027e+01 
  3.667567e+02  -8.672424e+01 
  3.677477e+02  -8.677157e+01 
  3.687387e+02  -8.681096e+01 
  3.697297e+02  -8.679665e+01 
  3.707207e+02  -8.674376e+01 
  3.717117e+02  -8.675378e+01 
  3.727027e+02  -8.667706e+01 
  3.736937e+02  -8.676418e+01 
  3.746847e+02  -8.668848e+01 
  3.756757e+02  -8.668233e+01 
  3.766667e+02  -8.671600e+01 
  3.776577e+02  -8.666106e+01 
  3.786487e+02  -8.674708e+01 
  3.796396e+02  -8.675436e+01 
  3.806306e+02  -8.674961e+01 
  3.816216e+02  -8.671231e+01 
  3.826126e+02  -8.672046e+01 
  3.836036e+02  -8.671338e+01 
  3.845946e+02  -8.666327e+01 
  3.855856e+02  -8.674905e+01 
  3.865766e+02  -8.675231e+01 
  3.875676e+02  -8.668373e+01 
  3.885586e+02  -8.679566e+01 
  3.895496e+02  -8.667459e+01 
  3.905405e+02  -8.675545e+01 
  3.915315e+02  -8.671172e+01 
  3.925225e+02  -8.672983e+01 
  3.935135e+02  -8.679202e+01 
  3.945045e+02  -8.671698e+01 
  3.954955e+02  -8.676694e+01 
  3.964865e+02  -8.682357e+01 
  3.974775e+02  -8.674876e+01 
  3.984685e+02  -8.676770e+01 
  3.994595e+02  -8.670021e+01 
  4.004504e+02  -8.669631e+01 
  4.014414e+02  -8.673035e+01 
  4.024324e+02  -8.674249e+01 
  4.034234e+02  -8.668655e+01 
  4.044144e+02  -8.679171e+01 
  4.054054e+02  -8.678653e+01 
  4.063964e+02  -8.677312e+01 
  4.073874e+02  -8.677026e+01 
  4.083784e+02  -8.686264e+01 
  4.093694e+02  -8.682731e+01 
  4.103604e+02  -8.680280e+01 
  4.113513e+02  -8.686307e+01 
  4.123423e+02  -8.684338e+01 
  4.133333e+02  -8.679060e+01 
  4.143243e+02  -8.679583e+01 
  4.153153e+02  -8.685639e+01 
  4.163063e+02  -8.690968e+01 
  4.172973e+02  -8.683804e+01 
  4.182883e+02  -8.684435e+01 
  4.192793e+02  -8.679034e+01 
  4.202703e+02  -8.689825e+01 
  4.212613e+02  -8.690670e+01 
  4.222523e+02  -8.692912e+01 
  4.232433e+02  -8.688651e+01 
  4.242342e+02  -8.695824e+01 
  4.252252e+02  -8.690715e+01 
  4.262162e+02  -8.687487e+01 
  4.272072e+02  -8.692049e+01 
  4.281982e+02  -8.695334e+01 
  4.291892e+02  -8.687104e+01 
  4.301802e+02  -8.696383e+01 
  4.311712e+02  -8.697300e+01 
  4.321622e+02  -8.701085e+01 
  4.331532e+02  -8.700034e+01 
  4.341441e+02  -8.698465e+01 
  4.351351e+02  -8.702946e+01 
  4.361261e+02  -8.700426e+01 
  4.371171e+02  -8.706544e+01 
  4.381081e+02  -8.711802e+01 
  4.390991e+02  -8.704913e+01 
  4.400901e+02  -8.708135e+01 
  4.410811e+02  -8.705529e+01 
  4.420721e+02  -8.704227e+01 
  4.430630e+02  -8.706853e+01 
  4.440540e+02  -8.704967e+01 
  4.450450e+02  -8.708195e+01 
  4.460360e+02  -8.716653e+01 
  4.470270e+02  -8.714990e+01 
  4.480180e+02  -8.708481e+01 
  4.490090e+02  -8.706758e+01 
  4.500000e+02  -8.660382e+01 
  4.509910e+02  -8.715717e+01 
  4.519820e+02  -8.729639e+01 
  4.529730e+02  -8.729618e+01 
  4.539640e+02  -8.715910e+01 
  4.549550e+02  -8.722427e+01 
  4.559460e+02  -8.731992e+01 
  4.569370e+02  -8.733102e+01 
  4.579279e+02  -8.726591e+01 
  4.589189e+02  -8.736185e+01 
  4.599099e+02  -8.739922e+01 
  4.609009e+02  -8.741295e+01 
  4.618919e+02  -8.744937e+01 
  4.628829e+02  -8.747391e+01 
  4.638739e+02  -8.747726e+01 
  4.648649e+02  -8.745614e+01 
  4.658559e+02  -8.750893e+01 
  4.668468e+02  -8.751447e+01 
  4.678378e+02  -8.757539e+01 
  4.688288e+02  -8.764532e+01 
  4.698198e+02  -8.761536e+01 
  4.708108e+02  -8.772122e+01 
  4.718018e+02  -8.775631e+01 
  4.727928e+02  -8.782564e+01 
  4.737838e+02  -8.790497e+01 
  4.747748e+02  -8.795841e+01 
  4.757658e+02  -8.797652e+01 
  4.767567e+02  -8.799103e+01 
  4.777477e+02  -8.811764e+01 
  4.787387e+02  -8.826193e+01 
  4.797297e+02  -8.837694e+01 
  4.807207e+02  -8.845686e+01 
  4.817117e+02  -8.868919e+01 
  4.827027e+02  -8.875398e+01 
  4.836937e+02  -8.893617e+01 
  4.846847e+02  -8.921615e+01 
  4.856757e+02  -8.946515e+01 
  4.866667e+02  -8.977102e+01 
  4.876577e+02  -9.013514e+01 
  4.886487e+02  -9.050824e+01 
  4.896396e+02  -9.110199e+01 
  4.906306e+02  -9.177307e+01 
  4.916216e+02  -9.251116e+01 
  4.926126e+02  -9.334969e+01 
  4.936036e+02  -9.302827e+01 
  4.945946e+02  -9.074899e+01 
  4.955856e+02  -8.626752e+01 
  4.965766e+02  -7.996799e+01 
  4.975676e+02  -6.999160e+01 
  4.985586e+02  -6.289194e+01 
  4.995496e+02  -6.743465e+01 
  5.005405e+02  -7.695816e+01 
  5.015315e+02  -7.808958e+01 
  5.025225e+02  -7.781123e+01 
  5.035135e+02  -7.962317e+01 
  5.045045e+02  -7.831647e+01 
  5.054955e+02  -7.602245e+01 
  5.064865e+02  -8.911333e+01 
  5.074775e+02  -8.443184e+01 
  5.084685e+02  -8.372018e+01 
  5.094595e+02  -8.359830e+01 
  5.104504e+02  -8.360613e+01 
  5.114414e+02  -8.365189e+01 
  5.124324e+02  -8.366490e+01 
  5.134234e+02  -8.376369e+01 
  5.144144e+02  -8.394070e+01 
  5.154054e+02  -8.430618e+01 
  5.163964e+02  -8.586109e+01 
  5.173874e+02  -8.309521e+01 
  5.183784e+02  -8.124098e+01 
  5.193694e+02  -8.185117e+01 
  5.203604e+02  -8.206440e+01 
  5.213514e+02  -8.192879e+01 
  5.223423e+02  -8.172182e+01 
  5.233333e+02  -8.134715e+01 
  5.243243e+02  -8.096426e+01 
  5.253153e+02  -8.039208e+01 
  5.263063e+02  -7.979321e+01 
  5.272973e+02  -7.886738e+01 
  5.282883e+02  -7.766585e+01 
  5.292793e+02  -7.585052e+01 
  5.302703e+02  -7.283455e+01 
  5.312613e+02  -6.606001e+01 
  5.322523e+02  -6.141256e+01 
  5.332432e+02  -6.917557e+01 
  5.342343e+02  -8.034790e+01 
  5.352252e+02  -8.726151e+01 
  5.362162e+02  -8.891211e+01 
  5.372072e+02  -9.104748e+01 
  5.381982e+02  -9.300600e+01 
  5.391892e+02  -9.320677e+01 
  5.401802e+02  -9.287186e+01 
  5.411711e+02  -9.212026e+01 
  5.421622e+02  -9.155042e+01 
  5.431531e+02  -9.085180e+01 
  5.441442e+02  -9.008251e+01 
  5.451351e+02  -8.921361e+01 
  5.461261e+02  -8.738223e+01 
  5.471171e+02  -8.576176e+01 
  5.481081e+02  -8.957028e+01 
  5.490991e+02  -9.146054e+01 
  5.500901e+02  -8.914184e+01 
  5.510811e+02  -8.950513e+01 
  5.520721e+02  -8.890970e+01 
  5.530630e+02  -8.829607e+01 
  5.540541e+02  -8.775229e+01 
  5.550450e+02  -8.696280e+01 
  5.560360e+02  -8.588547e+01 
  5.570270e+02  -8.441375e+01 
  5.580180e+02  -8.215681e+01 
  5.590090e+02  -7.616959e+01 
  5.600000e+02  -6.657675e+01 
  5.609910e+02  -7.263462e+01 
  5.619820e+02  -8.146793e+01 
  5.629730e+02  -8.286066e+01 
  5.639640e+02  -8.278211e+01 
  5.649550e+02  -8.158672e+01 
  5.659459e+02  -7.892873e+01 
  5.669370e+02  -7.455850e+01 
  5.679279e+02  -6.566586e+01 
  5.689189e+02  -6.266707e+01 
  5.699099e+02  -7.385675e+01 
  5.709009e+02  -7.699638e+01 
  5.718919e+02  -8.020785e+01 
  5.728829e+02  -8.143698e+01 
  5.738739e+02  -8.265861e+01 
  5.748649e+02  -8.344172e+01 
  5.758558e+02  -8.410912e+01 
  5.768469e+02  -8.457233e+01 
  5.778378e+02  -8.496024e+01 
  5.788289e+02  -8.522041e+01 
  5.798198e+02  -8.548006e+01 
  5.808108e+02  -8.564039e+01 
  5.818018e+02  -8.587537e+01 
  5.827928e+02  -8.597416e+01 
  5.837838e+02  -8.616189e+01 
  5.847748e+02  -8.631271e+01 
  5.857657e+02  -8.637318e+01 
  5.867568e+02  -8.648465e+01 
  5.877477e+02  -8.652623e+01 
  5.887387e+02  -8.671575e+01 
  5.897297e+02  -8.659603e+01 
  5.907207e+02  -8.673562e+01 
  5.917117e+02  -8.681040e+01 
  5.927027e+02  -8.685248e+01 
  5.936937e+02  -8.688384e+01 
  5.946847e+02  -8.691721e+01 
  5.956757e+02  -8.698892e+01 
  5.966667e+02  -8.698923e+01 
  5.976577e+02  -8.706316e+01 
  5.986486e+02  -8.704879e+01 
  5.996396e+02  -8.709153e+01 
  6.006306e+02  -8.709554e+01 
  6.016216e+02  -8.713103e+01 
  6.026126e+02  -8.713072e+01 
  6.036036e+02  -8.722147e+01 
  6.045946e+02  -8.718159e+01 
  6.055856e+02  -8.726407e+01 
  6.065766e+02  -8.725890e+01 
  6.075676e+02  -8.730368e+01 
  6.085585e+02  -8.730833e+01 
  6.095496e+02  -8.732307e+01 
  6.105405e+02  -8.731139e+01 
  6.115316e+02  -8.732582e+01 
  6.125225e+02  -8.731479e+01 
  6.135135e+02  -8.727982e+01 
  6.145045e+02  -8.730875e+01 
  6.154955e+02  -8.731576e+01 
  6.164865e+02  -8.735879e+01 
  6.174775e+02  -8.731625e+01 
  6.184684e+02  -8.738171e+01 
  6.194595e+02  -8.742944e+01 
  6.204504e+02  -8.738866e+01 
  6.214415e+02  -8.747424e+01 
  6.224324e+02  -8.737277e+01 
  6.234234e+02  -8.746517e+01 
  6.244144e+02  -8.742029e+01 
  6.254054e+02  -8.751715e+01 
  6.263964e+02  -8.746544e+01 
  6.273874e+02  -8.743678e+01 
  6.283784e+02  -8.750381e+01 
  6.293694e+02  -8.740390e+01 
  6.303604e+02  -8.749825e+01 
  6.313514e+02  -8.752338e+01 
  6.323423e+02  -8.746342e+01 
  6.333333e+02  -8.745991e+01 
  6.343243e+02  -8.756560e+01 
  6.353153e+02  -8.753902e+01 
  6.363063e+02  -8.756693e+01 
  6.372973e+02  -8.748650e+01 
  6.382883e+02  -8.753310e+01 
  6.392793e+02  -8.757213e+01 
  6.402703e+02  -8.755947e+01 
  6.412613e+02  -8.750511e+01 
  6.422523e+02  -8.760220e+01 
  6.432432e+02  -8.756703e+01 
  6.442343e+02  -8.760964e+01 
  6.452252e+02  -8.760737e+01 
  6.462162e+02  -8.759398e+01 
  6.472072e+02  -8.758215e+01 
  6.481982e+02  -8.763794e+01 
  6.491892e+02  -8.753945e+01 
  6.501802e+02  -8.751807e+01 
  6.511711e+02  -8.759351e+01 
  6.521622e+02  -8.763584e+01 
  6.531531e+02  -8.758537e+01 
  6.541442e+02  -8.771971e+01 
  6.551351e+02  -8.768158e+01 
  6.561261e+02  -8.762309e+01 
  6.571171e+02  -8.772551e+01 
  6.581081e+02  -8.764590e+01 
  6.590991e+02  -8.769427e+01 
  6.600901e+02  -8.770143e+01 
  6.610811e+02  -8.766036e+01 
  6.620721e+02  -8.768100e+01 
  6.630630e+02  -8.768169e+01 
  6.640541e+02  -8.761703e+01 
  6.650450e+02  -8.771947e+01 
  6.660360e+02  -8.766779e+01 
  6.670270e+02  -8.764919e+01 
  6.680180e+02  -8.772424e+01 
  6.690090e+02  -8.767003e+01 
  6.700000e+02  -8.766858e+01 
  6.709910e+02  -8.770126e+01 
  6.719820e+02  -8.773309e+01 
  6.729730e+02  -8.779719e+01 
  6.739640e+02  -8.768005e+01 
  6.749550e+02  -8.774584e+01 
  6.759459e+02  -8.773611e+01 
  6.769370e+02  -8.773003e+01 
  6.779279e+02  -8.781216e+01 
  6.789189e+02  -8.774131e+01 
  6.799099e+02  -8.777653e+01 
  6.809009e+02  -8.778072e+01 
  6.818919e+02  -8.776204e+01 
  6.828829e+02  -8.783907e+01 
  6.838739e+02  -8.772241e+01 
  6.848649e+02  -8.780518e+01 
  6.858558e+02  -8.778119e+01 
  6.868469e+02  -8.775610e+01 
  6.878378e+02  -8.775685e+01 
  6.888289e+02  -8.784673e+01 
  6.898198e+02  -8.780762e+01 
  6.908108e+02  -8.773952e+01 
  6.918018e+02  -8.780592e+01 
  6.927928e+02  -8.779679e+01 
  6.937838e+02  -8.782687e+01 
  6.947748e+02  -8.783441e+01 
  6.957657e+02  -8.780994e+01 
  6.967568e+02  -8.779987e+01 
  6.977477e+02  -8.777998e+01 
  6.987387e+02  -8.780816e+01 
  6.997297e+02  -8.788082e+01 
  7.007207e+02  -8.780070e+01 
  7.017117e+02  -8.788313e+01 
  7.027027e+02  -8.782736e+01 
  7.036937e+02  -8.782959e+01 
  7.046847e+02  -8.779275e+01 
  7.056757e+02  -8.785145e+01 
  7.066667e+02  -8.786539e+01 
  7.076577e+02  -8.780783e+01 
  7.086486e+02  -8.789860e+01 
  7.096396e+02  -8.779031e+01 
  7.106306e+02  -8.788739e+01 
  7.116216e+02  -8.778438e+01 
  7.126126e+02  -8.782247e+01 
  7.136036e+02  -8.782924e+01 
  7.145946e+02  -8.782145e+01 
  7.155856e+02  -8.784076e+01 
  7.165766e+02  -8.789143e+01 
  7.175676e+02  -8.791006e+01 
  7.185585e+02  -8.791286e+01 
  7.195496e+02  -8.791285e+01 
  7.205405e+02  -8.783811e+01 
  7.215316e+02  -8.783842e+01 
  7.225225e+02  -8.782767e+01 
  7.235135e+02  -8.790041e+01 
  7.245045e+02  -8.786151e+01 
  7.254955e+02  -8.794630e+01 
  7.264865e+02  -8.787994e+01 
  7.274775e+02  -8.783258e+01 
  7.284684e+02  -8.795067e+01 
  7.294595e+02  -8.784063e+01 
  7.304504e+02  -8.783614e+01 
  7.314415e+02  -8.786967e+01 
  7.324324e+02  -8.787346e+01 
  7.334234e+02  -8.783575e+01 
  7.344144e+02  -8.783521e+01 
  7.354054e+02  -8.791225e+01 
  7.363964e+02  -8.784947e+01 
  7.373874e+02  -8.793653e+01 
  7.383784e+02  -8.796704e+01 
  7.393694e+02  -8.786842e+01 
  7.403604e+02  -8.786996e+01 
  7.413514e+02  -8.789017e+01 
  7.423423e+02  -8.785102e+01 
  7.433333e+02  -8.785209e+01 
  7.443243e+02  -8.785848e+01 
  7.453153e+02  -8.785100e+01 
  7.463063e+02  -8.778158e+01 
  7.472973e+02  -8.764551e+01 
  7.482883e+02  -8.773911e+01 
  7.492793e+02  -8.795998e+01 
  7.502703e+02  -8.704427e+01 
  7.512613e+02  -8.767932e+01 
  7.522523e+02  -8.855814e+01 
  7.532432e+02  -8.798400e+01 
  7.542343e+02  -8.803135e+01 
  7.552252e+02  -8.801913e+01 
  7.562162e+02  -8.781937e+01 
  7.572072e+02  -8.769105e+01 
  7.581982e+02  -8.771674e+01 
  7.591892e+02  -8.731830e+01 
  7.601802e+02  -8.637599e+01 
  7.611711e+02  -8.884678e+01 
  7.621622e+02  -8.839101e+01 
  7.631531e+02  -8.832147e+01 
  7.641442e+02  -8.808140e+01 
  7.651351e+02  -8.798283e+01 
  7.661261e+02  -8.789790e+01 
  7.671171e+02  -8.785293e+01 
  7.681081e+02  -8.764885e+01 
  7.690991e+02  -8.738958e+01 
  7.700901e+02  -8.664768e+01 
  7.710811e+02  -8.478658e+01 
  7.720721e+02  -8.772130e+01 
  7.730630e+02  -8.967392e+01 
  7.740541e+02  -8.921555e+01 
  7.750450e+02  -8.886898e+01 
  7.760360e+02  -8.880888e+01 
  7.770270e+02  -8.867104e+01 
  7.780180e+02  -8.864091e+01 
  7.790090e+02  -8.853216e+01 
  7.800000e+02  -8.851861e+01 
  7.809910e+02  -8.850636e+01 
  7.819820e+02  -8.840906e+01 
  7.829730e+02  -8.841618e+01 
  7.839640e+02  -8.843394e+01 
  7.849550e+02  -8.839179e+01 
  7.859459e+02  -8.829353e+01 
  7.869370e+02  -8.819093e+01 
  7.879279e+02  -8.780425e+01 
  7.889189e+02  -8.802527e+01 
  7.899099e+02  -8.902769e+01 
  7.909009e+02  -8.870215e+01 
  7.918919e+02  -8.867460e+01 
  7.928829e+02  -8.856847e+01 
  7.938739e+02  -8.864346e+01 
  7.948649e+02  -8.855763e+01 
  7.958558e+02  -8.862258e+01 
  7.968469e+02  -8.859016e+01 
  7.978378e+02  -8.869189e+01 
  7.988289e+02  -8.862597e+01 
  7.998198e+02  -8.867459e+01 
  8.008108e+02  -8.860357e+01 
  8.018018e+02  -8.865056e+01 
  8.027928e+02  -8.874023e+01 
  8.037838e+02  -8.877261e+01 
  8.047748e+02  -8.896608e+01 
  8.057657e+02  -8.917656e+01 
  8.067568e+02  -9.013333e+01 
  8.077477e+02  -8.980276e+01 
  8.087387e+02  -8.714073e+01 
  8.097297e+02  -8.777522e+01 
  8.107207e+02  -8.810590e+01 
  8.117117e+02  -8.830962e+01 
  8.127027e+02  -8.838657e+01 
  8.136937e+02  -8.848148e+01 
  8.146847e+02  -8.849950e+01 
  8.156757e+02  -8.852665e+01 
  8.166667e+02  -8.865681e+01 
  8.176577e+02  -8.875683e+01 
  8.186486e+02  -8.894123e+01 
  8.196396e+02  -8.918651e+01 
  8.206306e+02  -8.966936e+01 
  8.216216e+02  -9.037030e+01 
  8.226126e+02  -9.387476e+01 
  8.236036e+02  -8.945499e+01 
  8.245946e+02  -8.537008e+01 
  8.255856e+02  -8.633285e+01 
  8.265766e+02  -8.698885e+01 
  8.275676e+02  -8.733409e+01 
  8.285585e+02  -8.737701e+01 
  8.295496e+02  -8.737342e+01 
  8.305405e+02  -8.708575e+01 
  8.315316e+02  -8.566443e+01 
  8.325225e+02  -8.917557e+01 
  8.335135e+02  -8.861491e+01 
  8.345045e+02  -8.854066e+01 
  8.354955e+02  -8.842934e+01 
  8.364865e+02  -8.835950e+01 
  8.374775e+02  -8.836407e+01 
  8.384684e+02  -8.831012e+01 
  8.394595e+02  -8.837129e+01 
  8.404504e+02  -8.830637e+01 
  8.414415e+02  -8.833823e+01 
  8.424324e+02  -8.834394e+01 
  8.434234e+02  -8.828889e+01 
  8.444144e+02  -8.832218e+01 
  8.454054e+02  -8.837385e+01 
  8.463964e+02  -8.837209e+01 
  8.473874e+02  -8.831261e+01 
  8.483784e+02  -8.839232e+01 
  8.493694e+02  -8.840514e+01 
  8.503604e+02  -8.818420e+01 
  8.513514e+02  -8.833272e+01 
  8.523423e+02  -8.830173e+01 
  8.533333e+02  -8.836452e+01 
  8.543243e+02  -8.831529e+01 
  8.553153e+02  -8.834609e+01 
  8.563063e+02  -8.837252e+01 
  8.572973e+02  -8.835783e+01 
  8.582883e+02  -8.839510e+01 
  8.592793e+02  -8.829680e+01 
  8.602703e+02  -8.836303e+01 
  8.612613e+02  -8.832841e+01 
  8.622523e+02  -8.838408e+01 
  8.632432e+02  -8.839356e+01 
  8.642343e+02  -8.838914e+01 
  8.652252e+02  -8.839480e+01 
  8.662162e+02  -8.837541e+01 
  8.672072e+02  -8.838670e+01 
  8.681982e+02  -8.837109e+01 
  8.691892e+02  -8.843482e+01 
  8.701802e+02  -8.836332e+01 
  8.711711e+02  -8.839132e+01 
  8.721622e+02  -8.848322e+01 
  8.731531e+02  -8.849806e+01 
  8.741442e+02  -8.835307e+01 
  8.751351e+02  -8.844331e+01 
  8.761261e+02  -8.841094e+01 
  8.771171e+02  -8.844506e+01 
  8.781081e+02  -8.840401e+01 
  8.790991e+02  -8.840285e+01 
  8.800901e+02  -8.842580e+01 
  8.810811e+02  -8.839289e+01 
  8.820721e+02  -8.841821e+01 
  8.830630e+02  -8.846830e+01 
  8.840541e+02  -8.845039e+01 
  8.850450e+02  -8.839619e+01 
  8.860360e+02  -8.844614e+01 
  8.870270e+02  -8.846650e+01 
  8.880180e+02  -8.839859e+01 
  8.890090e+02  -8.841196e+01 
  8.900000e+02  -8.846671e+01 
  8.909910e+02  -8.847583e+01 
  8.919820e+02  -8.839152e+01 
  8.929730e+02  -8.845889e+01 
  8.939640e+02  -8.848483e+01 
  8.949550e+02  -8.849418e+01 
  8.959459e+02  -8.845139e+01 
  8.969370e+02  -8.848609e+01 
  8.979279e+02  -8.855292e+01 
  8.989189e+02  -8.847506e+01 
  8.999099e+02  -8.850889e+01 
  9.009009e+02  -8.850190e+01 
  9.018919e+02  -8.855035e+01 
  9.028829e+02  -8.838140e+01 
  9.038739e+02  -8.843569e+01 
  9.048649e+02  -8.850946e+01 
  9.058558e+02  -8.852354e+01 
  9.068469e+02  -8.853694e+01 
  9.078378e+02  -8.849178e+01 
  9.088289e+02  -8.849747e+01 
  9.098198e+02  -8.854649e+01 
  9.108108e+02  -8.855038e+01 
  9.118018e+02  -8.855042e+01 
  9.127928e+02  -8.849895e+01 
  9.137838e+02  -8.851622e+01 
  9.147748e+02  -8.850844e+01 
  9.157657e+02  -8.854661e+01 
  9.167568e+02  -8.858155e+01 
  9.177477e+02  -8.848087e+01 
  9.187387e+02  -8.842638e+01 
  9.197297e+02  -8.845937e+01 
  9.207207e+02  -8.856147e+01 
  9.217117e+02  -8.855495e+01 
  9.227027e+02  -8.856575e+01 
  9.236937e+02  -8.858839e+01 
  9.246847e+02  -8.857912e+01 
  9.256757e+02  -8.856802e+01 
  9.266667e+02  -8.854232e+01 
  9.276577e+02  -8.858456e+01 
  9.286486e+02  -8.862640e+01 
  9.296396e+02  -8.854745e+01 
  9.306306e+02  -8.859116e+01 
  9.316216e+02  -8.852493e+01 
  9.326126e+02  -8.853468e+01 
  9.336036e+02  -8.862696e+01 
  9.345946e+02  -8.865399e+01 
  9.355856e+02  -8.854693e+01 
  9.365766e+02  -8.858073e+01 
  9.375676e+02  -8.864082e+01 
  9.385585e+02  -8.871507e+01 
  9.395496e+02  -8.866615e+01 
  9.405405e+02  -8.858469e+01 
  9.415316e+02  -8.865946e+01 
  9.425225e+02  -8.857790e+01 
  9.435135e+02  -8.866681e+01 
  9.445045e+02  -8.866707e+01 
  9.454955e+02  -8.856683e+01 
  9.464865e+02  -8.865993e+01 
  9.474775e+02  -8.863286e+01 
  9.484684e+02  -8.865691e+01 
  9.494595e+02  -8.854700e+01 
  9.504504e+02  -8.906509e+01 
  9.514415e+02  -8.868079e+01 
  9.524324e+02  -8.858403e+01 
  9.534234e+02  -8.867994e+01 
  9.544144e+02  -8.865174e+01 
  9.554054e+02  -8.867865e+01 
  9.563964e+02  -8.872278e+01 
  9.573874e+02  -8.868855e+01 
  9.583784e+02  -8.865112e+01 
  9.593694e+02  -8.870027e+01 
  9.603604e+02  -8.866848e+01 
  9.613514e+02  -8.870048e+01 
  9.623423e+02  -8.869428e+01 
  9.633333e+02  -8.871439e+01 
  9.643243e+02  -8.878353e+01 
  9.653153e+02  -8.870268e+01 
  9.663063e+02  -8.870862e+01 
  9.672973e+02  -8.876789e+01 
  9.682883e+02  -8.872440e+01 
  9.692793e+02  -8.877600e+01 
  9.702703e+02  -8.881116e+01 
  9.712613e+02  -8.890543e+01 
  9.722523e+02  -8.882162e+01 
  9.732432e+02  -8.886104e+01 
  9.742343e+02  -8.888043e+01 
  9.752252e+02  -8.889951e+01 
  9.762162e+02  -8.891218e+01 
  9.772072e+02  -8.889021e+01 
  9.781982e+02  -8.895406e+01 
  9.791892e+02  -8.892776e+01 
  9.801802e+02  -8.898782e+01 
  9.811711e+02  -8.898936e+01 
  9.821622e+02  -8.901128e+01 
  9.831531e+02  -8.906741e+01 
  9.841442e+02  -8.915343e+01 
  9.851351e+02  -8.919675e+01 
  9.861261e+02  -8.918600e+01 
  9.871171e+02  -8.915057e+01 
  9.881081e+02  -8.924824e+01 
  9.890991e+02  -8.933772e+01 
  9.900901e+02  -8.937869e+01 
  9.910811e+02  -8.955694e+01 
  9.920721e+02  -8.975518e+01 
  9.930630e+02  -8.984005e+01 
  9.940541e+02  -9.027599e+01 
  9.950450e+02  -9.052835e+01 
  9.960360e+02  -9.121693e+01 
  9.970270e+02  -9.198297e+01 
  9.980180e+02  -9.282238e+01 
  9.990090e+02  -9.399028e+01 
  1.000000e+03  -9.698428e+01 