  1.000000e+01  -9.429116e+01 
  1.099099e+01  -9.326071e+01 
  1.198198e+01  -9.257791e+01 
  1.297297e+01  -9.245293e+01 
  1.396396e+01  -9.198434e+01 
  1.495496e+01  -9.009019e+01 
  1.594595e+01  -8.573698e+01 
  1.693694e+01  -9.634805e+01 
  1.792793e+01  -8.558310e+01 
  1.891892e+01  -9.109900e+01 
  1.990991e+01  -8.677431e+01 
  2.090090e+01  -8.636994e+01 
  2.189189e+01  -8.661541e+01 
  2.288288e+01  -8.624375e+01 
  2.387387e+01  -8.556231e+01 
  2.486486e+01  -8.419015e+01 
  2.585586e+01  -8.291723e+01 
  2.684685e+01  -8.132026e+01 
  2.783784e+01  -7.913896e+01 
  2.882883e+01  -7.564876e+01 
  2.981982e+01  -6.821288e+01 
  3.081081e+01  -6.214301e+01 
  3.180180e+01  -6.893169e+01 
  3.279279e+01  -8.039101e+01 
  3.378378e+01  -8.779867e+01 
  3.477478e+01  -8.642218e+01 
  3.576577e+01  -9.475204e+01 
  3.675676e+01  -9.520155e+01 
  3.774775e+01  -9.147581e+01 
  3.873874e+01  -9.331439e+01 
  3.972973e+01  -9.337315e+01 
  4.072072e+01  -9.484830e+01 
  4.171171e+01  -9.376825e+01 
  4.270270e+01  -9.427933e+01 
  4.369370e+01  -9.229674e+01 
  4.468468e+01  -9.352136e+01 
  4.567567e+01  -9.101991e+01 
  4.666667e+01  -9.363054e+01 
  4.765766e+01  -8.954217e+01 
  4.864865e+01  -9.365730e+01 
  4.963964e+01  -8.728120e+01 
  5.063063e+01  -9.561850e+01 
  5.162162e+01  -8.985529e+01 
  5.261261e+01  -9.314249e+01 
  5.360360e+01  -9.180256e+01 
  5.459459e+01  -9.142601e+01 
  5.558559e+01  -9.307147e+01 
  5.657658e+01  -9.294197e+01 
  5.756757e+01  -9.165027e+01 
  5.855856e+01  -9.019110e+01 
  5.954955e+01  -8.619701e+01 
  6.054054e+01  -7.990241e+01 
  6.153153e+01  -6.932401e+01 
  6.252252e+01  -6.376789e+01 
  6.351351e+01  -7.087222e+01 
  6.450450e+01  -7.881814e+01 
  6.549550e+01  -7.792188e+01 
  6.648649e+01  -8.250928e+01 
  6.747748e+01  -8.129677e+01 
  6.846847e+01  -8.275818e+01 
  6.945946e+01  -8.335601e+01 
  7.045045e+01  -8.300804e+01 
  7.144144e+01  -8.444563e+01 
  7.243243e+01  -8.336393e+01 
  7.342342e+01  -8.450189e+01 
  7.441441e+01  -8.478941e+01 
  7.540540e+01  -8.421493e+01 
  7.639639e+01  -8.451820e+01 
  7.738739e+01  -8.475725e+01 
  7.837838e+01  -8.479845e+01 
  7.936937e+01  -8.484980e+01 
  8.036036e+01  -8.502863e+01 
  8.135135e+01  -8.511638e+01 
  8.234234e+01  -8.501331e+01 
  8.333334e+01  -8.514518e+01 
  8.432433e+01  -8.537773e+01 
  8.531532e+01  -8.556622e+01 
  8.630630e+01  -8.561388e+01 
  8.729729e+01  -8.578718e+01 
  8.828829e+01  -8.598164e+01 
  8.927928e+01  -8.659018e+01 
  9.027027e+01  -8.734859e+01 
  9.126126e+01  -8.979776e+01 
  9.225225e+01  -8.745107e+01 
  9.324324e+01  -7.511703e+01 
  9.423424e+01  -8.035996e+01 
  9.522523e+01  -8.175506e+01 
  9.621622e+01  -8.426719e+01 
  9.720721e+01  -8.272736e+01 
  9.819820e+01  -8.447989e+01 
  9.918919e+01  -8.383848e+01 
  1.001802e+02  -8.411589e+01 
  1.011712e+02  -8.442457e+01 
  1.021622e+02  -8.421354e+01 
  1.031532e+02  -8.436175e+01 
  1.041441e+02  -8.457168e+01 
  1.051351e+02  -8.459187e+01 
  1.061261e+02  -8.451411e+01 
  1.071171e+02  -8.472486e+01 
  1.081081e+02  -8.463866e+01 
  1.090991e+02  -8.474859e+01 
  1.100901e+02  -8.492076e+01 
  1.110811e+02  -8.498106e+01 
  1.120721e+02  -8.510074e+01 
  1.130631e+02  -8.525906e+01 
  1.140541e+02  -8.544070e+01 
  1.150450e+02  -8.557463e+01 
  1.160360e+02  -8.581734e+01 
  1.170270e+02  -8.634351e+01 
  1.180180e+02  -8.702351e+01 
  1.190090e+02  -8.868624e+01 
  1.200000e+02  -9.129153e+01 
  1.209910e+02  -7.626341e+01 
  1.219820e+02  -7.507357e+01 
  1.229730e+02  -7.963704e+01 
  1.239640e+02  -8.170934e+01 
  1.249550e+02  -8.270074e+01 
  1.259459e+02  -8.305659e+01 
  1.269369e+02  -8.326015e+01 
  1.279279e+02  -8.318910e+01 
  1.289189e+02  -8.329088e+01 
  1.299099e+02  -8.320734e+01 
  1.309009e+02  -8.331701e+01 
  1.318919e+02  -8.336848e+01 
  1.328829e+02  -8.345319e+01 
  1.338739e+02  -8.341525e+01 
  1.348649e+02  -8.348774e+01 
  1.358559e+02  -8.346512e+01 
  1.368468e+02  -8.342034e+01 
  1.378378e+02  -8.358241e+01 
  1.388288e+02  -8.311584e+01 
  1.398198e+02  -8.319945e+01 
  1.408108e+02  -8.294070e+01 
  1.418018e+02  -8.272031e+01 
  1.427928e+02  -8.246942e+01 
  1.437838e+02  -8.162442e+01 
  1.447748e+02  -8.041103e+01 
  1.457658e+02  -7.545187e+01 
  1.467568e+02  -7.523620e+01 
  1.477477e+02  -8.891371e+01 
  1.487387e+02  -8.630324e+01 
  1.497297e+02  -8.307546e+01 
  1.507207e+02  -8.496389e+01 
  1.517117e+02  -8.530640e+01 
  1.527027e+02  -8.666627e+01 
  1.536937e+02  -8.539815e+01 
  1.546847e+02  -8.526681e+01 
  1.556757e+02  -8.521645e+01 
  1.566667e+02  -8.538121e+01 
  1.576577e+02  -8.531025e+01 
  1.586487e+02  -8.503257e+01 
  1.596396e+02  -8.500928e+01 
  1.606306e+02  -8.506440e+01 
  1.616216e+02  -8.511070e+01 
  1.626126e+02  -8.496039e+01 
  1.636036e+02  -8.475214e+01 
  1.645946e+02  -8.412884e+01 
  1.655856e+02  -8.329915e+01 
  1.665766e+02  -8.598247e+01 
  1.675676e+02  -8.505790e+01 
  1.685586e+02  -8.536591e+01 
  1.695495e+02  -8.547763e+01 
  1.705405e+02  -8.510205e+01 
  1.715315e+02  -8.515645e+01 
  1.725225e+02  -8.480421e+01 
  1.735135e+02  -8.454279e+01 
  1.745045e+02  -8.503590e+01 
  1.754955e+02  -8.515242e+01 
  1.764865e+02  -8.522622e+01 
  1.774775e+02  -8.521527e+01 
  1.784685e+02  -8.513874e+01 
  1.794595e+02  -8.510805e+01 
  1.804505e+02  -8.520694e+01 
  1.814414e+02  -8.537843e+01 
  1.824324e+02  -8.506986e+01 
  1.834234e+02  -8.487730e+01 
  1.844144e+02  -8.510529e+01 
  1.854054e+02  -8.510138e+01 
  1.863964e+02  -8.511756e+01 
  1.873874e+02  -8.504092e+01 
  1.883784e+02  -8.500099e+01 
  1.893694e+02  -8.502657e+01 
  1.903604e+02  -8.502493e+01 
  1.913513e+02  -8.511675e+01 
  1.923423e+02  -8.508740e+01 
  1.933333e+02  -8.516454e+01 
  1.943243e+02  -8.530922e+01 
  1.953153e+02  -8.529826e+01 
  1.963063e+02  -8.515831e+01 
  1.972973e+02  -8.514202e+01 
  1.982883e+02  -8.519829e+01 
  1.992793e+02  -8.507601e+01 
  2.002703e+02  -8.517481e+01 
  2.012613e+02  -8.511565e+01 
  2.022523e+02  -8.507120e+01 
  2.032432e+02  -8.511775e+01 
  2.042342e+02  -8.512134e+01 
  2.052252e+02  -8.512165e+01 
  2.062162e+02  -8.513121e+01 
  2.072072e+02  -8.515919e+01 
  2.081982e+02  -8.518706e+01 
  2.091892e+02  -8.521609e+01 
  2.101802e+02  -8.534557e+01 
  2.111712e+02  -8.524630e+01 
  2.121622e+02  -8.517149e+01 
  2.131532e+02  -8.511212e+01 
  2.141441e+02  -8.516347e+01 
  2.151351e+02  -8.518264e+01 
  2.161261e+02  -8.522770e+01 
  2.171171e+02  -8.522126e+01 
  2.181081e+02  -8.515328e+01 
  2.190991e+02  -8.524512e+01 
  2.200901e+02  -8.526950e+01 
  2.210811e+02  -8.532361e+01 
  2.220721e+02  -8.531618e+01 
  2.230631e+02  -8.518847e+01 
  2.240540e+02  -8.521025e+01 
  2.250450e+02  -8.530336e+01 
  2.260360e+02  -8.518247e+01 
  2.270270e+02  -8.543367e+01 
  2.280180e+02  -8.522775e+01 
  2.290090e+02  -8.529845e+01 
  2.300000e+02  -8.525092e+01 
  2.309910e+02  -8.534341e+01 
  2.319820e+02  -8.534985e+01 
  2.329730e+02  -8.537854e+01 
  2.339640e+02  -8.531372e+01 
  2.349550e+02  -8.540962e+01 
  2.359460e+02  -8.524191e+01 
  2.369369e+02  -8.535339e+01 
  2.379279e+02  -8.532425e+01 
  2.389189e+02  -8.530835e+01 
  2.399099e+02  -8.549224e+01 
  2.409009e+02  -8.525619e+01 
  2.418919e+02  -8.544246e+01 
  2.428829e+02  -8.530488e+01 
  2.438739e+02  -8.532427e+01 
  2.448649e+02  -8.558423e+01 
  2.458559e+02  -8.510357e+01 
  2.468468e+02  -8.546294e+01 
  2.478378e+02  -8.542783e+01 
  2.488288e+02  -8.478147e+01 
  2.498198e+02  -8.913319e+01 
  2.508108e+02  -8.584158e+01 
  2.518018e+02  -8.587839e+01 
  2.527928e+02  -8.494284e+01 
  2.537838e+02  -8.563132e+01 
  2.547748e+02  -8.561504e+01 
  2.557658e+02  -8.517336e+01 
  2.567567e+02  -8.551508e+01 
  2.577477e+02  -8.550899e+01 
  2.587387e+02  -8.531252e+01 
  2.597297e+02  -8.537377e+01 
  2.607207e+02  -8.556848e+01 
  2.617117e+02  -8.545485e+01 
  2.627027e+02  -8.535887e+01 
  2.636937e+02  -8.551838e+01 
  2.646847e+02  -8.557737e+01 
  2.656757e+02  -8.544461e+01 
  2.666667e+02  -8.543285e+01 
  2.676577e+02  -8.551557e+01 
  2.686487e+02  -8.557629e+01 
  2.696396e+02  -8.548657e+01 
  2.706306e+02  -8.539497e+01 
  2.716216e+02  -8.551531e+01 
  2.726126e+02  -8.554920e+01 
  2.736036e+02  -8.553809e+01 
  2.745946e+02  -8.551865e+01 
  2.755856e+02  -8.547049e+01 
  2.765766e+02  -8.548586e+01 
  2.775676e+02  -8.555240e+01 
  2.785586e+02  -8.554320e+01 
  2.795496e+02  -8.552676e+01 
  2.805405e+02  -8.553893e+01 
  2.815315e+02  -8.556572e+01 
  2.825225e+02  -8.547716e+01 
  2.835135e+02  -8.546465e+01 
  2.845045e+02  -8.547137e+01 
  2.854955e+02  -8.541461e+01 
  2.864865e+02  -8.542998e+01 
  2.874775e+02  -8.550723e+01 
  2.884685e+02  -8.545526e+01 
  2.894595e+02  -8.545744e+01 
  2.904504e+02  -8.551128e+01 
  2.914414e+02  -8.551263e+01 
  2.924324e+02  -8.548781e+01 
  2.934234e+02  -8.546837e+01 
  2.944144e+02  -8.553144e+01 
  2.954054e+02  -8.545875e+01 
  2.963964e+02  -8.550671e+01 
  2.973874e+02  -8.545279e+01 
  2.983784e+02  -8.544762e+01 
  2.993694e+02  -8.542287e+01 
  3.003604e+02  -8.541261e+01 
  3.013513e+02  -8.537499e+01 
  3.023423e+02  -8.530228e+01 
  3.033333e+02  -8.528354e+01 
  3.043243e+02  -8.525278e+01 
  3.053153e+02  -8.523801e+01 
  3.063063e+02  -8.515776e+01 
  3.072973e+02  -8.515601e+01 
  3.082883e+02  -8.506438e+01 
  3.092793e+02  -8.504469e+01 
  3.102703e+02  -8.497166e+01 
  3.112613e+02  -8.491077e+01 
  3.122523e+02  -8.476011e+01 
  3.132433e+02  -8.467271e+01 
  3.142342e+02  -8.459499e+01 
  3.152252e+02  -8.441383e+01 
  3.162162e+02  -8.422105e+01 
  3.172072e+02  -8.401561e+01 
  3.181982e+02  -8.372644e+01 
  3.191892e+02  -8.343248e+01 
  3.201802e+02  -8.304781e+01 
  3.211712e+02  -8.252987e+01 
  3.221622e+02  -8.187306e+01 
  3.231532e+02  -8.095539e+01 
  3.241441e+02  -7.966345e+01 
  3.251351e+02  -7.770871e+01 
  3.261261e+02  -7.429481e+01 
  3.271171e+02  -6.594096e+01 
  3.281081e+02  -6.184584e+01 
  3.290991e+02  -7.192188e+01 
  3.300901e+02  -7.928085e+01 
  3.310811e+02  -8.478443e+01 
  3.320721e+02  -8.564861e+01 
  3.330630e+02  -9.123592e+01 
  3.340540e+02  -8.868193e+01 
  3.350450e+02  -9.164799e+01 
  3.360360e+02  -9.011121e+01 
  3.370270e+02  -9.118906e+01 
  3.380180e+02  -9.038628e+01 
  3.390090e+02  -9.022082e+01 
  3.400000e+02  -8.916756e+01 
  3.409910e+02  -8.759710e+01 
  3.419820e+02  -8.482702e+01 
  3.429730e+02  -8.041652e+01 
  3.439640e+02  -7.228310e+01 
  3.449550e+02  -6.535057e+01 
  3.459460e+02  -7.012074e+01 
  3.469370e+02  -7.571858e+01 
  3.479279e+02  -8.054895e+01 
  3.489189e+02  -8.279151e+01 
  3.499099e+02  -8.232894e+01 
  3.509009e+02  -8.288985e+01 
  3.518919e+02  -8.395611e+01 
  3.528829e+02  -8.464571e+01 
  3.538739e+02  -8.480645e+01 
  3.548649e+02  -8.517710e+01 
  3.558559e+02  -8.554172e+01 
  3.568468e+02  -8.573369e+01 
  3.578378e+02  -8.588073e+01 
  3.588288e+02  -8.623340e+01 
  3.598198e+02  -8.659120e+01 
  3.608108e+02  -8.687734e+01 
  3.618018e+02  -8.727395e+01 
  3.627928e+02  -8.789027e+01 
  3.637838e+02  -8.907227e+01 
  3.647748e+02  -9.193182e+01 
  3.657658e+02  -8.633318e+01 
  3.667567e+02  -7.581497e+01 
  3.677477e+02  -8.285700e+01 
  3.687387e+02  -8.286626e+01 
  3.697297e+02  -8.530077e+01 
  3.707207e+02  -8.477888e+01 
  3.717117e+02  -8.517891e+01 
  3.727027e+02  -8.541129e+01 
  3.736937e+02  -8.560213e+01 
  3.746847e+02  -8.583459e+01 
  3.756757e+02  -8.603330e+01 
  3.766667e+02  -8.613470e+01 
  3.776577e+02  -8.638185e+01 
  3.786487e+02  -8.656955e+01 
  3.796396e+02  -8.683031e+01 
  3.806306e+02  -8.707717e+01 
  3.816216e+02  -8.741762e+01 
  3.826126e+02  -8.789671e+01 
  3.836036e+02  -8.856623e+01 
  3.845946e+02  -8.951878e+01 
  3.855856e+02  -9.139411e+01 
  3.865766e+02  -9.332839e+01 
  3.875676e+02  -8.261220e+01 
  3.885586e+02  -7.240838e+01 
  3.895496e+02  -7.484901e+01 
  3.905405e+02  -7.933664e+01 
  3.915315e+02  -8.247630e+01 
  3.925225e+02  -8.294505e+01 
  3.935135e+02  -8.288771e+01 
  3.945045e+02  -8.320143e+01 
  3.954955e+02  -8.358942e+01 
  3.964865e+02  -8.377042e+01 
  3.974775e+02  -8.388720e+01 
  3.984685e+02  -8.408200e+01 
  3.994595e+02  -8.412955e+01 
  4.004504e+02  -8.423879e+01 
  4.014414e+02  -8.421951e+01 
  4.024324e+02  -8.429083e+01 
  4.034234e+02  -8.434974e+01 
  4.044144e+02  -8.439981e+01 
  4.054054e+02  -8.442262e+01 
  4.063964e+02  -8.511226e+01 
  4.073874e+02  -8.361469e+01 
  4.083784e+02  -8.349883e+01 
  4.093694e+02  -8.371117e+01 
  4.103604e+02  -8.354109e+01 
  4.113513e+02  -8.338939e+01 
  4.123423e+02  -8.316068e+01 
  4.133333e+02  -8.282130e+01 
  4.143243e+02  -8.242606e+01 
  4.153153e+02  -8.181776e+01 
  4.163063e+02  -8.095100e+01 
  4.172973e+02  -7.949683e+01 
  4.182883e+02  -7.670898e+01 
  4.192793e+02  -6.920611e+01 
  4.202703e+02  -6.826391e+01 
  4.212613e+02  -9.641628e+01 
  4.222523e+02  -8.787838e+01 
  4.232433e+02  -9.003406e+01 
  4.242342e+02  -9.367194e+01 
  4.252252e+02  -8.930236e+01 
  4.262162e+02  -8.973557e+01 
  4.272072e+02  -8.928186e+01 
  4.281982e+02  -8.886930e+01 
  4.291892e+02  -8.861452e+01 
  4.301802e+02  -8.856996e+01 
  4.311712e+02  -8.811819e+01 
  4.321622e+02  -8.804886e+01 
  4.331532e+02  -8.796626e+01 
  4.341441e+02  -8.781191e+01 
  4.351351e+02  -8.764207e+01 
  4.361261e+02  -8.773067e+01 
  4.371171e+02  -8.754052e+01 
  4.381081e+02  -8.756136e+01 
  4.390991e+02  -8.753140e+01 
  4.400901e+02  -8.748699e+01 
  4.410811e+02  -8.848357e+01 
  4.420721e+02  -8.740207e+01 
  4.430630e+02  -8.730892e+01 
  4.440540e+02  -8.727782e+01 
  4.450450e+02  -8.731598e+01 
  4.460360e+02  -8.726262e+01 
  4.470270e+02  -8.726013e+01 
  4.480180e+02  -8.728730e+01 
  4.490090e+02  -8.712022e+01 
  4.500000e+02  -8.698112e+01 
  4.509910e+02  -8.684077e+01 
  4.519820e+02  -8.731348e+01 
  4.529730e+02  -8.700212e+01 
  4.539640e+02  -8.715588e+01 
  4.549550e+02  -8.712472e+01 
  4.559460e+02  -8.710456e+01 
  4.569370e+02  -8.710970e+01 
  4.579279e+02  -8.715814e+01 
  4.589189e+02  -8.711859e+01 
  4.599099e+02  -8.720509e+01 
  4.609009e+02  -8.724909e+01 
  4.618919e+02  -8.723608e+01 
  4.628829e+02  -8.709840e+01 
  4.638739e+02  -8.720476e+01 
  4.648649e+02  -8.710100e+01 
  4.658559e+02  -8.713502e+01 
  4.668468e+02  -8.708413e+01 
  4.678378e+02  -8.716173e+01 
  4.688288e+02  -8.711552e+01 
  4.698198e+02  -8.711137e+01 
  4.708108e+02  -8.717890e+01 
  4.718018e+02  -8.705824e+01 
  4.727928e+02  -8.706518e+01 
  4.737838e+02  -8.710480e+01 
  4.747748e+02  -8.723962e+01 
  4.757658e+02  -8.706486e+01 
  4.767567e+02  -8.708330e+01 
  4.777477e+02  -8.705379e+01 
  4.787387e+02  -8.708755e+01 
  4.797297e+02  -8.713732e+01 
  4.807207e+02  -8.714528e+01 
  4.817117e+02  -8.711901e+01 
  4.827027e+02  -8.714707e+01 
  4.836937e+02  -8.714134e+01 
  4.846847e+02  -8.714423e+01 
  4.856757e+02  -8.701200e+01 
  4.866667e+02  -8.649770e+01 
  4.876577e+02  -8.721144e+01 
  4.886487e+02  -8.711610e+01 
  4.896396e+02  -8.711906e+01 
  4.906306e+02  -8.715082e+01 
  4.916216e+02  -8.708521e+01 
  4.926126e+02  -8.716017e+01 
  4.936036e+02  -8.715394e+01 
  4.945946e+02  -8.712299e+01 
  4.955856e+02  -8.707816e+01 
  4.965766e+02  -8.715154e+01 
  4.975676e+02  -8.718065e+01 
  4.985586e+02  -8.716486e+01 
  4.995496e+02  -8.717200e+01 
  5.005405e+02  -8.724596e+01 
  5.015315e+02  -8.712916e+01 
  5.025225e+02  -8.717737e+01 
  5.035135e+02  -8.711600e+01 
  5.045045e+02  -8.720533e+01 
  5.054955e+02  -8.714781e+01 
  5.064865e+02  -8.715008e+01 
  5.074775e+02  -8.718990e+01 
  5.084685e+02  -8.715427e+01 
  5.094595e+02  -8.722414e+01 
  5.104504e+02  -8.723131e+01 
  5.114414e+02  -8.721828e+01 
  5.124324e+02  -8.716150e+01 
  5.134234e+02  -8.716319e+01 
  5.144144e+02  -8.716861e+01 
  5.154054e+02  -8.727089e+01 
  5.163964e+02  -8.726458e+01 
  5.173874e+02  -8.721428e+01 
  5.183784e+02  -8.722116e+01 
  5.193694e+02  -8.723585e+01 
  5.203604e+02  -8.727857e+01 
  5.213514e+02  -8.725379e+01 
  5.223423e+02  -8.742934e+01 
  5.233333e+02  -8.718409e+01 
  5.243243e+02  -8.733077e+01 
  5.253153e+02  -8.721783e+01 
  5.263063e+02  -8.730375e+01 
  5.272973e+02  -8.729872e+01 
  5.282883e+02  -8.723454e+01 
  5.292793e+02  -8.728484e+01 
  5.302703e+02  -8.729191e+01 
  5.312613e+02  -8.732610e+01 
  5.322523e+02  -8.731676e+01 
  5.332432e+02  -8.730481e+01 
  5.342343e+02  -8.731908e+01 
  5.352252e+02  -8.730334e+01 
  5.362162e+02  -8.734720e+01 
  5.372072e+02  -8.737836e+01 
  5.381982e+02  -8.731964e+01 
  5.391892e+02  -8.734930e+01 
  5.401802e+02  -8.741322e+01 
  5.411711e+02  -8.736041e+01 
  5.421622e+02  -8.738283e+01 
  5.431531e+02  -8.738257e+01 
  5.441442e+02  -8.730719e+01 
  5.451351e+02  -8.741563e+01 
  5.461261e+02  -8.735455e+01 
  5.471171e+02  -8.732679e+01 
  5.481081e+02  -8.755796e+01 
  5.490991e+02  -8.700240e+01 
  5.500901e+02  -8.718236e+01 
  5.510811e+02  -8.736059e+01 
  5.520721e+02  -8.746275e+01 
  5.530630e+02  -8.737004e+01 
  5.540541e+02  -8.743724e+01 
  5.550450e+02  -8.735493e+01 
  5.560360e+02  -8.752136e+01 
  5.570270e+02  -8.741922e+01 
  5.580180e+02  -8.748781e+01 
  5.590090e+02  -8.741533e+01 
  5.600000e+02  -8.744187e+01 
  5.609910e+02  -8.739777e+01 
  5.619820e+02  -8.743360e+01 
  5.629730e+02  -8.742948e+01 
  5.639640e+02  -8.747266e+01 
  5.649550e+02  -8.746882e+01 
  5.659459e+02  -8.741931e+01 
  5.669370e+02  -8.748742e+01 
  5.679279e+02  -8.747881e+01 
  5.689189e+02  -8.752544e+01 
  5.699099e+02  -8.749573e+01 
  5.709009e+02  -8.750093e+01 
  5.718919e+02  -8.753561e+01 
  5.728829e+02  -8.745818e+01 
  5.738739e+02  -8.757185e+01 
  5.748649e+02  -8.751474e+01 
  5.758558e+02  -8.747072e+01 
  5.768469e+02  -8.752950e+01 
  5.778378e+02  -8.747900e+01 
  5.788289e+02  -8.749686e+01 
  5.798198e+02  -8.759440e+01 
  5.808108e+02  -8.753310e+01 
  5.818018e+02  -8.755287e+01 
  5.827928e+02  -8.759038e+01 
  5.837838e+02  -8.756410e+01 
  5.847748e+02  -8.758588e+01 
  5.857657e+02  -8.759084e+01 
  5.867568e+02  -8.757782e+01 
  5.877477e+02  -8.763879e+01 
  5.887387e+02  -8.768030e+01 
  5.897297e+02  -8.765041e+01 
  5.907207e+02  -8.767564e+01 
  5.917117e+02  -8.766940e+01 
  5.927027e+02  -8.763505e+01 
  5.936937e+02  -8.769984e+01 
  5.946847e+02  -8.765656e+01 
  5.956757e+02  -8.764428e+01 
  5.966667e+02  -8.773911e+01 
  5.976577e+02  -8.767014e+01 
  5.986486e+02  -8.768889e+01 
  5.996396e+02  -8.761890e+01 
  6.006306e+02  -8.773493e+01 
  6.016216e+02  -8.772798e+01 
  6.026126e+02  -8.779408e+01 
  6.036036e+02  -8.770742e+01 
  6.045946e+02  -8.780833e+01 
  6.055856e+02  -8.778227e+01 
  6.065766e+02  -8.777336e+01 
  6.075676e+02  -8.782759e+01 
  6.085585e+02  -8.791153e+01 
  6.095496e+02  -8.785120e+01 
  6.105405e+02  -8.786640e+01 
  6.115316e+02  -8.795417e+01 
  6.125225e+02  -8.786208e+01 
  6.135135e+02  -8.792999e+01 
  6.145045e+02  -8.793364e+01 
  6.154955e+02  -8.795502e+01 
  6.164865e+02  -8.804533e+01 
  6.174775e+02  -8.804933e+01 
  6.184684e+02  -8.795889e+01 
  6.194595e+02  -8.809534e+01 
  6.204504e+02  -8.812306e+01 
  6.214415e+02  -8.816153e+01 
  6.224324e+02  -8.818182e+01 
  6.234234e+02  -8.828989e+01 
  6.244144e+02  -8.826863e+01 
  6.254054e+02  -8.844515e+01 
  6.263964e+02  -8.838515e+01 
  6.273874e+02  -8.848315e+01 
  6.283784e+02  -8.852023e+01 
  6.293694e+02  -8.852795e+01 
  6.303604e+02  -8.875173e+01 
  6.313514e+02  -8.873730e+01 
  6.323423e+02  -8.889453e+01 
  6.333333e+02  -8.897171e+01 
  6.343243e+02  -8.912822e+01 
  6.353153e+02  -8.942481e+01 
  6.363063e+02  -8.960919e+01 
  6.372973e+02  -8.995602e+01 
  6.382883e+02  -9.020844e+01 
  6.392793e+02  -9.065453e+01 
  6.402703e+02  -9.127865e+01 
  6.412613e+02  -9.212980e+01 
  6.422523e+02  -9.302215e+01 
  6.432432e+02  -9.430880e+01 
  6.442343e+02  -9.399788e+01 
  6.452252e+02  -8.893808e+01 
  6.462162e+02  -8.065997e+01 
  6.472072e+02  -6.746034e+01 
  6.481982e+02  -6.815587e+01 
  6.491892e+02  -7.661285e+01 
  6.501802e+02  -8.020037e+01 
  6.511711e+02  -8.117868e+01 
  6.521622e+02  -8.160175e+01 
  6.531531e+02  -8.192052e+01 
  6.541442e+02  -8.215630e+01 
  6.551351e+02  -8.229700e+01 
  6.561261e+02  -8.225398e+01 
  6.571171e+02  -8.199870e+01 
  6.581081e+02  -8.152740e+01 
  6.590991e+02  -8.048189e+01 
  6.600901e+02  -7.813627e+01 
  6.610811e+02  -7.139812e+01 
  6.620721e+02  -7.644401e+01 
  6.630630e+02  -8.791922e+01 
  6.640541e+02  -8.972926e+01 
  6.650450e+02  -8.935448e+01 
  6.660360e+02  -8.859846e+01 
  6.670270e+02  -8.797284e+01 
  6.680180e+02  -8.749675e+01 
  6.690090e+02  -8.716115e+01 
  6.700000e+02  -8.685635e+01 
  6.709910e+02  -8.666237e+01 
  6.719820e+02  -8.644749e+01 
  6.729730e+02  -8.612943e+01 
  6.739640e+02  -8.581138e+01 
  6.749550e+02  -8.543358e+01 
  6.759459e+02  -8.486697e+01 
  6.769370e+02  -8.394661e+01 
  6.779279e+02  -8.239657e+01 
  6.789189e+02  -7.780298e+01 
  6.799099e+02  -7.545481e+01 
  6.809009e+02  -8.899953e+01 
  6.818919e+02  -9.081664e+01 
  6.828829e+02  -9.016547e+01 
  6.838739e+02  -8.986536e+01 
  6.848649e+02  -8.901824e+01 
  6.858558e+02  -8.868378e+01 
  6.868469e+02  -8.835482e+01 
  6.878378e+02  -8.805487e+01 
  6.888289e+02  -8.778528e+01 
  6.898198e+02  -8.749007e+01 
  6.908108e+02  -8.728114e+01 
  6.918018e+02  -8.702165e+01 
  6.927928e+02  -8.667593e+01 
  6.937838e+02  -8.631443e+01 
  6.947748e+02  -8.580585e+01 
  6.957657e+02  -8.503748e+01 
  6.967568e+02  -8.382843e+01 
  6.977477e+02  -8.148700e+01 
  6.987387e+02  -7.500703e+01 
  6.997297e+02  -7.547852e+01 
  7.007207e+02  -9.973129e+01 
  7.017117e+02  -9.422967e+01 
  7.027027e+02  -9.149890e+01 
  7.036937e+02  -9.123048e+01 
  7.046847e+02  -9.043269e+01 
  7.056757e+02  -8.999534e+01 
  7.066667e+02  -8.968168e+01 
  7.076577e+02  -8.937041e+01 
  7.086486e+02  -8.897016e+01 
  7.096396e+02  -8.862886e+01 
  7.106306e+02  -8.817514e+01 
  7.116216e+02  -8.763693e+01 
  7.126126e+02  -8.698571e+01 
  7.136036e+02  -8.573726e+01 
  7.145946e+02  -8.365078e+01 
  7.155856e+02  -7.840294e+01 
  7.165766e+02  -7.400726e+01 
  7.175676e+02  -8.198006e+01 
  7.185585e+02  -9.345886e+01 
  7.195496e+02  -9.451093e+01 
  7.205405e+02  -9.415012e+01 
  7.215316e+02  -9.421362e+01 
  7.225225e+02  -9.378307e+01 
  7.235135e+02  -9.439147e+01 
  7.245045e+02  -9.381472e+01 
  7.254955e+02  -9.130400e+01 
  7.264865e+02  -8.672784e+01 
  7.274775e+02  -7.886933e+01 
  7.284684e+02  -7.048312e+01 
  7.294595e+02  -7.397002e+01 
  7.304504e+02  -7.977618e+01 
  7.314415e+02  -8.251740e+01 
  7.324324e+02  -8.408226e+01 
  7.334234e+02  -8.459158e+01 
  7.344144e+02  -8.525548e+01 
  7.354054e+02  -8.580566e+01 
  7.363964e+02  -8.605772e+01 
  7.373874e+02  -8.634383e+01 
  7.383784e+02  -8.656285e+01 
  7.393694e+02  -8.676321e+01 
  7.403604e+02  -8.688654e+01 
  7.413514e+02  -8.699329e+01 
  7.423423e+02  -8.709087e+01 
  7.433333e+02  -8.723073e+01 
  7.443243e+02  -8.727878e+01 
  7.453153e+02  -8.734975e+01 
  7.463063e+02  -8.745679e+01 
  7.472973e+02  -8.741309e+01 
  7.482883e+02  -8.760085e+01 
  7.492793e+02  -8.770943e+01 
  7.502703e+02  -8.776905e+01 
  7.512613e+02  -8.751555e+01 
  7.522523e+02  -8.759930e+01 
  7.532432e+02  -8.772583e+01 
  7.542343e+02  -8.774272e+01 
  7.552252e+02  -8.778426e+01 
  7.562162e+02  -8.774979e+01 
  7.572072e+02  -8.778043e+01 
  7.581982e+02  -8.773890e+01 
  7.591892e+02  -8.787001e+01 
  7.601802e+02  -8.784571e+01 
  7.611711e+02  -8.792990e+01 
  7.621622e+02  -8.788177e+01 
  7.631531e+02  -8.791406e+01 
  7.641442e+02  -8.787126e+01 
  7.651351e+02  -8.788957e+01 
  7.661261e+02  -8.792848e+01 
  7.671171e+02  -8.794824e+01 
  7.681081e+02  -8.791636e+01 
  7.690991e+02  -8.790047e+01 
  7.700901e+02  -8.800124e+01 
  7.710811e+02  -8.800970e+01 
  7.720721e+02  -8.791171e+01 
  7.730630e+02  -8.800085e+01 
  7.740541e+02  -8.803883e+01 
  7.750450e+02  -8.805292e+01 
  7.760360e+02  -8.806071e+01 
  7.770270e+02  -8.799998e+01 
  7.780180e+02  -8.804116e+01 
  7.790090e+02  -8.811830e+01 
  7.800000e+02  -8.797781e+01 
  7.809910e+02  -8.805796e+01 
  7.819820e+02  -8.804595e+01 
  7.829730e+02  -8.806866e+01 
  7.839640e+02  -8.804716e+01 
  7.849550e+02  -8.808342e+01 
  7.859459e+02  -8.812780e+01 
  7.869370e+02  -8.811124e+01 
  7.879279e+02  -8.809939e+01 
  7.889189e+02  -8.812363e+01 
  7.899099e+02  -8.810291e+01 
  7.909009e+02  -8.806061e+01 
  7.918919e+02  -8.810867e+01 
  7.928829e+02  -8.811582e+01 
  7.938739e+02  -8.810511e+01 
  7.948649e+02  -8.810604e+01 
  7.958558e+02  -8.814996e+01 
  7.968469e+02  -8.808689e+01 
  7.978378e+02  -8.810769e+01 
  7.988289e+02  -8.813993e+01 
  7.998198e+02  -8.815727e+01 
  8.008108e+02  -8.813225e+01 
  8.018018e+02  -8.817209e+01 
  8.027928e+02  -8.820264e+01 
  8.037838e+02  -8.819378e+01 
  8.047748e+02  -8.815275e+01 
  8.057657e+02  -8.821571e+01 
  8.067568e+02  -8.818707e+01 
  8.077477e+02  -8.816536e+01 
  8.087387e+02  -8.824100e+01 
  8.097297e+02  -8.817304e+01 
  8.107207e+02  -8.816667e+01 
  8.117117e+02  -8.823315e+01 
  8.127027e+02  -8.824310e+01 
  8.136937e+02  -8.822941e+01 
  8.146847e+02  -8.822354e+01 
  8.156757e+02  -8.818524e+01 
  8.166667e+02  -8.816971e+01 
  8.176577e+02  -8.818820e+01 
  8.186486e+02  -8.821566e+01 
  8.196396e+02  -8.819810e+01 
  8.206306e+02  -8.822279e+01 
  8.216216e+02  -8.823129e+01 
  8.226126e+02  -8.822974e+01 
  8.236036e+02  -8.827484e+01 
  8.245946e+02  -8.820399e+01 
  8.255856e+02  -8.817378e+01 
  8.265766e+02  -8.825636e+01 
  8.275676e+02  -8.820290e+01 
  8.285585e+02  -8.823030e+01 
  8.295496e+02  -8.825486e+01 
  8.305405e+02  -8.819673e+01 
  8.315316e+02  -8.824756e+01 
  8.325225e+02  -8.829752e+01 
  8.335135e+02  -8.828081e+01 
  8.345045e+02  -8.824183e+01 
  8.354955e+02  -8.828396e+01 
  8.364865e+02  -8.826762e+01 
  8.374775e+02  -8.825774e+01 
  8.384684e+02  -8.825674e+01 
  8.394595e+02  -8.825797e+01 
  8.404504e+02  -8.826080e+01 
  8.414415e+02  -8.827705e+01 
  8.424324e+02  -8.834413e+01 
  8.434234e+02  -8.828158e+01 
  8.444144e+02  -8.834978e+01 
  8.454054e+02  -8.829430e+01 
  8.463964e+02  -8.826973e+01 
  8.473874e+02  -8.840215e+01 
  8.483784e+02  -8.832488e+01 
  8.493694e+02  -8.838743e+01 
  8.503604e+02  -8.812531e+01 
  8.513514e+02  -8.830218e+01 
  8.523423e+02  -8.825359e+01 
  8.533333e+02  -8.834484e+01 
  8.543243e+02  -8.833917e+01 
  8.553153e+02  -8.842342e+01 
  8.563063e+02  -8.835793e+01 
  8.572973e+02  -8.832083e+01 
  8.582883e+02  -8.829124e+01 
  8.592793e+02  -8.840874e+01 
  8.602703e+02  -8.834933e+01 
  8.612613e+02  -8.840318e+01 
  8.622523e+02  -8.837659e+01 
  8.632432e+02  -8.830965e+01 
  8.642343e+02  -8.834428e+01 
  8.652252e+02  -8.839032e+01 
  8.662162e+02  -8.835915e+01 
  8.672072e+02  -8.835928e+01 
  8.681982e+02  -8.837746e+01 
  8.691892e+02  -8.838370e+01 
  8.701802e+02  -8.842191e+01 
  8.711711e+02  -8.843091e+01 
  8.721622e+02  -8.842469e+01 
  8.731531e+02  -8.842950e+01 
  8.741442e+02  -8.840710e+01 
  8.751351e+02  -8.847459e+01 
  8.761261e+02  -8.831715e+01 
  8.771171e+02  -8.840169e+01 
  8.781081e+02  -8.841367e+01 
  8.790991e+02  -8.839857e+01 
  8.800901e+02  -8.838777e+01 
  8.810811e+02  -8.845921e+01 
  8.820721e+02  -8.845077e+01 
  8.830630e+02  -8.844457e+01 
  8.840541e+02  -8.840807e+01 
  8.850450e+02  -8.843900e+01 
  8.860360e+02  -8.834682e+01 
  8.870270e+02  -8.846206e+01 
  8.880180e+02  -8.838744e+01 
  8.890090e+02  -8.840867e+01 
  8.900000e+02  -8.838353e+01 
  8.909910e+02  -8.848087e+01 
  8.919820e+02  -8.838417e+01 
  8.929730e+02  -8.844765e+01 
  8.939640e+02  -8.834617e+01 
  8.949550e+02  -8.845269e+01 
  8.959459e+02  -8.849903e+01 
  8.969370e+02  -8.843123e+01 
  8.979279e+02  -8.844075e+01 
  8.989189e+02  -8.847589e+01 
  8.999099e+02  -8.849852e+01 
  9.009009e+02  -8.852650e+01 
  9.018919e+02  -8.847440e+01 
  9.028829e+02  -8.839557e+01 
  9.038739e+02  -8.848295e+01 
  9.048649e+02  -8.840740e+01 
  9.058558e+02  -8.851950e+01 
  9.068469e+02  -8.850528e+01 
  9.078378e+02  -8.842744e+01 
  9.088289e+02  -8.841637e+01 
  9.098198e+02  -8.852310e+01 
  9.108108e+02  -8.856273e+01 
  9.118018e+02  -8.843555e+01 
  9.127928e+02  -8.848630e+01 
  9.137838e+02  -8.847080e+01 
  9.147748e+02  -8.849133e+01 
  9.157657e+02  -8.840652e+01 
  9.167568e+02  -8.849302e+01 
  9.177477e+02  -8.847671e+01 
  9.187387e+02  -8.847346e+01 
  9.197297e+02  -8.853158e+01 
  9.207207e+02  -8.843826e+01 
  9.217117e+02  -8.855772e+01 
  9.227027e+02  -8.849696e+01 
  9.236937e+02  -8.857409e+01 
  9.246847e+02  -8.851110e+01 
  9.256757e+02  -8.848359e+01 
  9.266667e+02  -8.854186e+01 
  9.276577e+02  -8.852052e+01 
  9.286486e+02  -8.846041e+01 
  9.296396e+02  -8.857788e+01 
  9.306306e+02  -8.850481e+01 
  9.316216e+02  -8.851918e+01 
  9.326126e+02  -8.849394e+01 
  9.336036e+02  -8.847285e+01 
  9.345946e+02  -8.864378e+01 
  9.355856e+02  -8.851791e+01 
  9.365766e+02  -8.854174e+01 
  9.375676e+02  -8.854433e+01 
  9.385585e+02  -8.856026e+01 
  9.395496e+02  -8.865717e+01 
  9.405405e+02  -8.859460e+01 
  9.415316e+02  -8.858071e+01 
  9.425225e+02  -8.850019e+01 
  9.435135e+02  -8.854049e+01 
  9.445045e+02  -8.853747e+01 
  9.454955e+02  -8.857108e+01 
  9.464865e+02  -8.858561e+01 
  9.474775e+02  -8.852538e+01 
  9.484684e+02  -8.856140e+01 
  9.494595e+02  -8.862116e+01 
  9.504504e+02  -8.843151e+01 
  9.514415e+02  -8.855068e+01 
  9.524324e+02  -8.855583e+01 
  9.534234e+02  -8.847602e+01 
  9.544144e+02  -8.854509e+01 
  9.554054e+02  -8.848643e+01 
  9.563964e+02  -8.851707e+01 
  9.573874e+02  -8.847520e+01 
  9.583784e+02  -8.858685e+01 
  9.593694e+02  -8.866512e+01 
  9.603604e+02  -8.871033e+01 
  9.613514e+02  -8.848137e+01 
  9.623423e+02  -8.850146e+01 
  9.633333e+02  -8.853937e+01 
  9.643243e+02  -8.845599e+01 
  9.653153e+02  -8.855234e+01 
  9.663063e+02  -8.843748e+01 
  9.672973e+02  -8.847544e+01 
  9.682883e+02  -8.838457e+01 
  9.692793e+02  -8.841177e+01 
  9.702703e+02  -8.824491e+01 
  9.712613e+02  -8.823199e+01 
  9.722523e+02  -8.777390e+01 
  9.732432e+02  -8.653947e+01 
  9.742343e+02  -8.974234e+01 
  9.752252e+02  -8.910845e+01 
  9.762162e+02  -8.897055e+01 
  9.772072e+02  -8.893109e+01 
  9.781982e+02  -8.885146e+01 
  9.791892e+02  -8.882413e+01 
  9.801802e+02  -8.871749e+01 
  9.811711e+02  -8.875253e+01 
  9.821622e+02  -8.873260e+01 
  9.831531e+02  -8.873994e+01 
  9.841442e+02  -8.867967e+01 
  9.851351e+02  -8.860603e+01 
  9.861261e+02  -8.864407e+01 
  9.871171e+02  -8.867715e+01 
  9.881081e+02  -8.863926e+01 
  9.890991e+02  -8.855685e+01 
  9.900901e+02  -8.851702e+01 
  9.910811e+02  -8.835551e+01 
  9.920721e+02  -8.785933e+01 
  9.930630e+02  -8.840996e+01 
  9.940541e+02  -8.927829e+01 
  9.950450e+02  -8.897962e+01 
  9.960360e+02  -8.881110e+01 
  9.970270e+02  -8.886897e+01 
  9.980180e+02  -8.875867e+01 
  9.990090e+02  -8.878029e+01 
  1.000000e+03  -8.881603e+01 
