1.000E+3	3.524E-1	1.026E-4	2.913E-4	7.801E+1
1.020E+3	3.522E-1	1.047E-4	2.974E-4	7.777E+1
1.040E+3	3.521E-1	1.068E-4	3.033E-4	7.749E+1
1.060E+3	3.519E-1	1.089E-4	3.094E-4	7.724E+1
1.080E+3	3.517E-1	1.110E-4	3.155E-4	7.699E+1
1.100E+3	3.516E-1	1.130E-4	3.214E-4	7.674E+1
1.120E+3	3.514E-1	1.151E-4	3.275E-4	7.647E+1
1.140E+3	3.513E-1	1.172E-4	3.335E-4	7.621E+1
1.160E+3	3.511E-1	1.192E-4	3.395E-4	7.596E+1
1.180E+3	3.509E-1	1.213E-4	3.458E-4	7.568E+1
1.200E+3	3.507E-1	1.234E-4	3.518E-4	7.544E+1
1.220E+3	3.505E-1	1.254E-4	3.578E-4	7.518E+1
1.240E+3	3.503E-1	1.275E-4	3.640E-4	7.491E+1
1.260E+3	3.502E-1	1.296E-4	3.701E-4	7.466E+1
1.280E+3	3.500E-1	1.317E-4	3.763E-4	7.438E+1
1.300E+3	3.498E-1	1.338E-4	3.825E-4	7.413E+1
1.320E+3	3.496E-1	1.359E-4	3.887E-4	7.384E+1
1.340E+3	3.494E-1	1.380E-4	3.949E-4	7.359E+1
1.360E+3	3.492E-1	1.401E-4	4.011E-4	7.332E+1
1.380E+3	3.490E-1	1.421E-4	4.073E-4	7.303E+1
1.400E+3	3.488E-1	1.442E-4	4.136E-4	7.277E+1
1.420E+3	3.485E-1	1.463E-4	4.198E-4	7.248E+1
1.440E+3	3.483E-1	1.484E-4	4.260E-4	7.219E+1
1.460E+3	3.481E-1	1.505E-4	4.324E-4	7.192E+1
1.480E+3	3.478E-1	1.525E-4	4.386E-4	7.165E+1
1.500E+3	3.476E-1	1.547E-4	4.450E-4	7.135E+1
1.520E+3	3.474E-1	1.568E-4	4.512E-4	7.106E+1
1.540E+3	3.472E-1	1.588E-4	4.575E-4	7.079E+1
1.560E+3	3.469E-1	1.609E-4	4.638E-4	7.050E+1
1.580E+3	3.466E-1	1.628E-4	4.697E-4	6.996E+1
1.600E+3	3.464E-1	1.649E-4	4.760E-4	6.969E+1
1.620E+3	3.461E-1	1.670E-4	4.824E-4	6.938E+1
1.640E+3	3.459E-1	1.690E-4	4.888E-4	6.910E+1
1.660E+3	3.456E-1	1.711E-4	4.950E-4	6.881E+1
1.680E+3	3.453E-1	1.732E-4	5.014E-4	6.850E+1
1.700E+3	3.451E-1	1.753E-4	5.079E-4	6.822E+1
1.720E+3	3.448E-1	1.774E-4	5.143E-4	6.793E+1
1.740E+3	3.446E-1	1.795E-4	5.208E-4	6.762E+1
1.760E+3	3.443E-1	1.816E-4	5.274E-4	6.733E+1
1.780E+3	3.440E-1	1.837E-4	5.339E-4	6.704E+1
1.800E+3	3.437E-1	1.857E-4	5.403E-4	6.674E+1
1.820E+3	3.434E-1	1.879E-4	5.470E-4	6.644E+1
1.840E+3	3.432E-1	1.899E-4	5.535E-4	6.612E+1
1.860E+3	3.429E-1	1.921E-4	5.602E-4	6.582E+1
1.880E+3	3.426E-1	1.941E-4	5.667E-4	6.553E+1
1.900E+3	3.423E-1	1.962E-4	5.732E-4	6.523E+1
1.920E+3	3.420E-1	1.983E-4	5.799E-4	6.491E+1
1.940E+3	3.417E-1	2.005E-4	5.867E-4	6.460E+1
1.960E+3	3.414E-1	2.026E-4	5.934E-4	6.429E+1
1.980E+3	3.411E-1	2.047E-4	6.000E-4	6.398E+1
2.000E+3	3.408E-1	2.067E-4	6.067E-4	6.365E+1
2.020E+3	3.404E-1	2.089E-4	6.136E-4	6.333E+1
2.040E+3	3.401E-1	2.109E-4	6.202E-4	6.301E+1
2.060E+3	3.398E-1	2.131E-4	6.271E-4	6.269E+1
2.080E+3	3.395E-1	2.152E-4	6.339E-4	6.236E+1
2.100E+3	3.392E-1	2.173E-4	6.408E-4	6.204E+1
2.120E+3	3.388E-1	2.195E-4	6.477E-4	6.171E+1
2.140E+3	3.385E-1	2.215E-4	6.544E-4	6.138E+1
2.160E+3	3.381E-1	2.236E-4	6.613E-4	6.104E+1
2.180E+3	3.378E-1	2.257E-4	6.681E-4	6.071E+1
2.200E+3	3.374E-1	2.279E-4	6.754E-4	6.038E+1
2.220E+3	3.371E-1	2.300E-4	6.822E-4	6.003E+1
2.240E+3	3.367E-1	2.321E-4	6.892E-4	5.969E+1
2.260E+3	3.364E-1	2.342E-4	6.963E-4	5.935E+1
2.280E+3	3.361E-1	2.363E-4	7.033E-4	5.899E+1
2.300E+3	3.357E-1	2.384E-4	7.103E-4	5.865E+1
2.320E+3	3.353E-1	2.406E-4	7.176E-4	5.830E+1
2.340E+3	3.349E-1	2.427E-4	7.247E-4	5.794E+1
2.360E+3	3.345E-1	2.448E-4	7.318E-4	5.757E+1
2.380E+3	3.341E-1	2.470E-4	7.392E-4	5.721E+1
2.400E+3	3.337E-1	2.491E-4	7.464E-4	5.683E+1
2.420E+3	3.333E-1	2.513E-4	7.538E-4	5.647E+1
2.440E+3	3.330E-1	2.534E-4	7.610E-4	5.610E+1
2.460E+3	3.325E-1	2.556E-4	7.685E-4	5.573E+1
2.480E+3	3.322E-1	2.577E-4	7.759E-4	5.535E+1
2.500E+3	3.318E-1	2.599E-4	7.835E-4	5.496E+1
2.520E+3	3.313E-1	2.621E-4	7.910E-4	5.456E+1
2.540E+3	3.309E-1	2.643E-4	7.987E-4	5.416E+1
2.560E+3	3.305E-1	2.664E-4	8.062E-4	5.376E+1
2.580E+3	3.300E-1	2.686E-4	8.140E-4	5.335E+1
2.600E+3	3.296E-1	2.709E-4	8.218E-4	5.293E+1
2.620E+3	3.291E-1	2.731E-4	8.298E-4	5.252E+1
2.640E+3	3.287E-1	2.753E-4	8.377E-4	5.210E+1
2.660E+3	3.283E-1	2.776E-4	8.457E-4	5.166E+1
2.680E+3	3.278E-1	2.799E-4	8.538E-4	5.122E+1
2.700E+3	3.273E-1	2.821E-4	8.619E-4	5.076E+1
2.720E+3	3.268E-1	2.844E-4	8.703E-4	5.030E+1
2.740E+3	3.263E-1	2.867E-4	8.787E-4	4.982E+1
2.760E+3	3.258E-1	2.891E-4	8.872E-4	4.935E+1
2.780E+3	3.253E-1	2.915E-4	8.960E-4	4.885E+1
2.800E+3	3.247E-1	2.938E-4	9.048E-4	4.833E+1
2.820E+3	3.242E-1	2.963E-4	9.139E-4	4.781E+1
2.840E+3	3.236E-1	2.987E-4	9.231E-4	4.726E+1
2.860E+3	3.231E-1	3.013E-4	9.324E-4	4.669E+1
2.880E+3	3.225E-1	3.039E-4	9.423E-4	4.610E+1
2.900E+3	3.219E-1	3.066E-4	9.526E-4	4.547E+1
2.920E+3	3.212E-1	3.092E-4	9.627E-4	4.481E+1
2.940E+3	3.205E-1	3.121E-4	9.737E-4	4.410E+1
2.960E+3	3.198E-1	3.150E-4	9.850E-4	4.335E+1
2.980E+3	3.190E-1	3.179E-4	9.966E-4	4.252E+1
3.000E+3	3.182E-1	3.211E-4	1.009E-3	4.163E+1
3.020E+3	3.172E-1	3.245E-4	1.023E-3	4.060E+1
3.040E+3	3.162E-1	3.280E-4	1.037E-3	3.944E+1
3.060E+3	3.152E-1	3.318E-4	1.053E-3	3.805E+1
3.080E+3	3.138E-1	3.358E-4	1.070E-3	3.632E+1
3.100E+3	3.123E-1	3.400E-4	1.089E-3	3.400E+1
3.120E+3	3.103E-1	3.438E-4	1.108E-3	3.043E+1
3.140E+3	3.081E-1	3.407E-4	1.106E-3	2.274E+1
3.160E+3	3.154E-1	2.694E-4	8.541E-4	6.401E+0
3.180E+3	3.254E-1	2.016E-4	6.196E-4	6.005E+0
3.200E+3	3.312E-1	1.665E-4	5.027E-4	1.449E+1
3.220E+3	3.344E-1	1.546E-4	4.622E-4	2.600E+1
3.240E+3	3.360E-1	1.581E-4	4.705E-4	3.624E+1
3.260E+3	3.364E-1	1.698E-4	5.048E-4	4.341E+1
3.280E+3	3.362E-1	1.848E-4	5.496E-4	4.780E+1
3.300E+3	3.354E-1	2.002E-4	5.969E-4	5.021E+1
3.320E+3	3.343E-1	2.149E-4	6.429E-4	5.135E+1
3.340E+3	3.331E-1	2.284E-4	6.856E-4	5.168E+1
3.360E+3	3.318E-1	2.404E-4	7.245E-4	5.152E+1
3.380E+3	3.305E-1	2.511E-4	7.596E-4	5.106E+1
3.400E+3	3.292E-1	2.605E-4	7.913E-4	5.045E+1
3.420E+3	3.280E-1	2.689E-4	8.198E-4	4.972E+1
3.440E+3	3.269E-1	2.763E-4	8.451E-4	4.895E+1
3.460E+3	3.258E-1	2.829E-4	8.683E-4	4.816E+1
3.480E+3	3.247E-1	2.887E-4	8.891E-4	4.737E+1
3.500E+3	3.238E-1	2.940E-4	9.080E-4	4.660E+1
3.520E+3	3.228E-1	2.988E-4	9.256E-4	4.583E+1
3.540E+3	3.220E-1	3.032E-4	9.416E-4	4.510E+1
3.560E+3	3.211E-1	3.071E-4	9.562E-4	4.438E+1
3.580E+3	3.203E-1	3.108E-4	9.701E-4	4.369E+1
3.600E+3	3.196E-1	3.141E-4	9.829E-4	4.302E+1
3.620E+3	3.189E-1	3.174E-4	9.951E-4	4.236E+1
3.640E+3	3.183E-1	3.204E-4	1.007E-3	4.172E+1
3.660E+3	3.176E-1	3.232E-4	1.018E-3	4.111E+1
3.680E+3	3.170E-1	3.258E-4	1.028E-3	4.049E+1
3.700E+3	3.164E-1	3.283E-4	1.038E-3	3.990E+1
3.720E+3	3.158E-1	3.307E-4	1.047E-3	3.932E+1
3.740E+3	3.152E-1	3.329E-4	1.056E-3	3.875E+1
3.760E+3	3.147E-1	3.351E-4	1.065E-3	3.819E+1
3.780E+3	3.142E-1	3.372E-4	1.073E-3	3.765E+1
3.800E+3	3.137E-1	3.393E-4	1.082E-3	3.710E+1
3.820E+3	3.132E-1	3.413E-4	1.090E-3	3.657E+1
3.840E+3	3.127E-1	3.432E-4	1.097E-3	3.604E+1
3.860E+3	3.122E-1	3.450E-4	1.105E-3	3.552E+1
3.880E+3	3.118E-1	3.468E-4	1.112E-3	3.500E+1
3.900E+3	3.113E-1	3.485E-4	1.119E-3	3.449E+1
3.920E+3	3.109E-1	3.501E-4	1.126E-3	3.399E+1
3.940E+3	3.104E-1	3.518E-4	1.133E-3	3.349E+1
3.960E+3	3.100E-1	3.533E-4	1.140E-3	3.299E+1
3.980E+3	3.096E-1	3.548E-4	1.146E-3	3.249E+1
4.000E+3	3.092E-1	3.563E-4	1.152E-3	3.200E+1
4.020E+3	3.088E-1	3.578E-4	1.159E-3	3.151E+1
4.040E+3	3.084E-1	3.592E-4	1.165E-3	3.102E+1
4.060E+3	3.080E-1	3.605E-4	1.170E-3	3.055E+1
4.080E+3	3.076E-1	3.619E-4	1.176E-3	3.006E+1
4.100E+3	3.073E-1	3.632E-4	1.182E-3	2.958E+1
4.120E+3	3.069E-1	3.645E-4	1.188E-3	2.910E+1
4.140E+3	3.065E-1	3.657E-4	1.193E-3	2.864E+1
4.160E+3	3.062E-1	3.669E-4	1.198E-3	2.816E+1
4.180E+3	3.058E-1	3.681E-4	1.204E-3	2.769E+1
4.200E+3	3.055E-1	3.693E-4	1.209E-3	2.722E+1
4.220E+3	3.052E-1	3.705E-4	1.214E-3	2.675E+1
4.240E+3	3.049E-1	3.716E-4	1.219E-3	2.630E+1
4.260E+3	3.046E-1	3.726E-4	1.224E-3	2.583E+1
4.280E+3	3.042E-1	3.737E-4	1.228E-3	2.536E+1
4.300E+3	3.039E-1	3.747E-4	1.233E-3	2.490E+1
4.320E+3	3.036E-1	3.757E-4	1.238E-3	2.445E+1
4.340E+3	3.033E-1	3.767E-4	1.242E-3	2.399E+1
4.360E+3	3.030E-1	3.777E-4	1.246E-3	2.352E+1
4.380E+3	3.027E-1	3.786E-4	1.250E-3	2.307E+1
4.400E+3	3.025E-1	3.796E-4	1.255E-3	2.262E+1
4.420E+3	3.022E-1	3.804E-4	1.259E-3	2.217E+1
4.440E+3	3.020E-1	3.813E-4	1.263E-3	2.170E+1
4.460E+3	3.017E-1	3.821E-4	1.267E-3	2.126E+1
4.480E+3	3.015E-1	3.829E-4	1.270E-3	2.080E+1
4.500E+3	3.012E-1	3.838E-4	1.274E-3	2.035E+1
4.520E+3	3.009E-1	3.845E-4	1.278E-3	1.990E+1
4.540E+3	3.007E-1	3.853E-4	1.281E-3	1.946E+1
4.560E+3	3.005E-1	3.861E-4	1.285E-3	1.902E+1
4.580E+3	3.003E-1	3.868E-4	1.288E-3	1.857E+1
4.600E+3	3.001E-1	3.875E-4	1.291E-3	1.812E+1
4.620E+3	2.999E-1	3.877E-4	1.293E-3	1.766E+1
4.640E+3	2.997E-1	3.884E-4	1.296E-3	1.721E+1
4.660E+3	2.995E-1	3.890E-4	1.299E-3	1.678E+1
4.680E+3	2.993E-1	3.897E-4	1.302E-3	1.633E+1
4.700E+3	2.991E-1	3.902E-4	1.305E-3	1.589E+1
4.720E+3	2.989E-1	3.908E-4	1.308E-3	1.545E+1
4.740E+3	2.987E-1	3.914E-4	1.310E-3	1.502E+1
4.760E+3	2.985E-1	3.919E-4	1.313E-3	1.458E+1
4.780E+3	2.984E-1	3.925E-4	1.315E-3	1.415E+1
4.800E+3	2.982E-1	3.930E-4	1.318E-3	1.372E+1
4.820E+3	2.981E-1	3.935E-4	1.320E-3	1.328E+1
4.840E+3	2.979E-1	3.939E-4	1.322E-3	1.284E+1
4.860E+3	2.978E-1	3.944E-4	1.324E-3	1.241E+1
4.880E+3	2.976E-1	3.949E-4	1.327E-3	1.198E+1
4.900E+3	2.975E-1	3.952E-4	1.328E-3	1.156E+1
4.920E+3	2.974E-1	3.956E-4	1.330E-3	1.114E+1
4.940E+3	2.972E-1	3.960E-4	1.332E-3	1.071E+1
4.960E+3	2.971E-1	3.965E-4	1.334E-3	1.029E+1
4.980E+3	2.970E-1	3.968E-4	1.336E-3	9.864E+0
5.000E+3	2.969E-1	3.972E-4	1.338E-3	9.451E+0
5.020E+3	2.968E-1	3.975E-4	1.339E-3	9.022E+0
5.040E+3	2.967E-1	3.978E-4	1.341E-3	8.608E+0
5.060E+3	2.966E-1	3.981E-4	1.342E-3	8.190E+0
5.080E+3	2.965E-1	3.982E-4	1.343E-3	7.768E+0
5.100E+3	2.964E-1	3.986E-4	1.345E-3	7.360E+0
5.120E+3	2.963E-1	3.988E-4	1.346E-3	6.940E+0
5.140E+3	2.962E-1	3.990E-4	1.347E-3	6.533E+0
5.160E+3	2.962E-1	3.993E-4	1.348E-3	6.128E+0
5.180E+3	2.962E-1	3.994E-4	1.349E-3	5.708E+0
5.200E+3	2.961E-1	3.996E-4	1.350E-3	5.308E+0
5.220E+3	2.960E-1	3.997E-4	1.350E-3	4.903E+0
5.240E+3	2.960E-1	3.999E-4	1.351E-3	4.501E+0
5.260E+3	2.959E-1	4.000E-4	1.352E-3	4.092E+0
5.280E+3	2.959E-1	4.001E-4	1.352E-3	3.694E+0
5.300E+3	2.959E-1	4.002E-4	1.353E-3	3.288E+0
5.320E+3	2.958E-1	4.003E-4	1.353E-3	2.890E+0
5.340E+3	2.958E-1	4.005E-4	1.354E-3	2.496E+0
5.360E+3	2.958E-1	4.005E-4	1.354E-3	2.101E+0
5.380E+3	2.958E-1	4.005E-4	1.354E-3	1.716E+0
5.400E+3	2.958E-1	4.005E-4	1.354E-3	1.308E+0
5.420E+3	2.957E-1	4.006E-4	1.354E-3	9.229E-1
5.440E+3	2.957E-1	4.006E-4	1.355E-3	5.244E-1
5.460E+3	2.957E-1	4.006E-4	1.355E-3	1.418E-1
5.480E+3	2.957E-1	4.005E-4	1.354E-3	-2.412E-1
5.500E+3	2.957E-1	4.005E-4	1.354E-3	-6.316E-1
5.520E+3	2.957E-1	4.004E-4	1.354E-3	-1.001E+0
5.540E+3	2.958E-1	4.004E-4	1.354E-3	-1.388E+0
5.560E+3	2.958E-1	4.004E-4	1.354E-3	-1.770E+0
5.580E+3	2.958E-1	4.003E-4	1.353E-3	-2.147E+0
5.600E+3	2.959E-1	4.002E-4	1.353E-3	-2.511E+0
5.620E+3	2.959E-1	4.001E-4	1.352E-3	-2.887E+0
