1.000E+3	3.531E-1	1.038E-4	2.939E-4	8.060E+1
1.020E+3	3.530E-1	1.059E-4	3.000E-4	8.037E+1
1.040E+3	3.528E-1	1.080E-4	3.061E-4	8.020E+1
1.060E+3	3.527E-1	1.102E-4	3.123E-4	7.997E+1
1.080E+3	3.525E-1	1.123E-4	3.185E-4	7.978E+1
1.100E+3	3.524E-1	1.145E-4	3.249E-4	7.957E+1
1.120E+3	3.522E-1	1.165E-4	3.308E-4	7.935E+1
1.140E+3	3.522E-1	1.188E-4	3.372E-4	7.918E+1
1.160E+3	3.520E-1	1.209E-4	3.435E-4	7.898E+1
1.180E+3	3.518E-1	1.231E-4	3.500E-4	7.875E+1
1.200E+3	3.517E-1	1.253E-4	3.562E-4	7.855E+1
1.220E+3	3.515E-1	1.274E-4	3.626E-4	7.834E+1
1.240E+3	3.513E-1	1.296E-4	3.689E-4	7.813E+1
1.260E+3	3.512E-1	1.318E-4	3.753E-4	7.792E+1
1.280E+3	3.510E-1	1.340E-4	3.818E-4	7.772E+1
1.300E+3	3.508E-1	1.362E-4	3.882E-4	7.749E+1
1.320E+3	3.507E-1	1.385E-4	3.949E-4	7.727E+1
1.340E+3	3.505E-1	1.406E-4	4.013E-4	7.708E+1
1.360E+3	3.503E-1	1.428E-4	4.077E-4	7.686E+1
1.380E+3	3.501E-1	1.451E-4	4.144E-4	7.663E+1
1.400E+3	3.500E-1	1.473E-4	4.209E-4	7.642E+1
1.420E+3	3.498E-1	1.495E-4	4.275E-4	7.619E+1
1.440E+3	3.496E-1	1.518E-4	4.342E-4	7.598E+1
1.460E+3	3.494E-1	1.540E-4	4.408E-4	7.577E+1
1.480E+3	3.492E-1	1.563E-4	4.476E-4	7.554E+1
1.500E+3	3.490E-1	1.585E-4	4.542E-4	7.532E+1
1.520E+3	3.488E-1	1.608E-4	4.611E-4	7.507E+1
1.540E+3	3.486E-1	1.631E-4	4.678E-4	7.486E+1
1.560E+3	3.484E-1	1.654E-4	4.747E-4	7.464E+1
1.580E+3	3.482E-1	1.676E-4	4.815E-4	7.441E+1
1.600E+3	3.479E-1	1.699E-4	4.884E-4	7.418E+1
1.620E+3	3.477E-1	1.723E-4	4.954E-4	7.396E+1
1.640E+3	3.475E-1	1.745E-4	5.022E-4	7.371E+1
1.660E+3	3.472E-1	1.768E-4	5.091E-4	7.347E+1
1.680E+3	3.470E-1	1.791E-4	5.162E-4	7.323E+1
1.700E+3	3.468E-1	1.814E-4	5.231E-4	7.300E+1
1.720E+3	3.465E-1	1.838E-4	5.305E-4	7.275E+1
1.740E+3	3.463E-1	1.862E-4	5.376E-4	7.253E+1
1.760E+3	3.461E-1	1.884E-4	5.445E-4	7.230E+1
1.780E+3	3.458E-1	1.908E-4	5.519E-4	7.205E+1
1.800E+3	3.455E-1	1.932E-4	5.591E-4	7.180E+1
1.820E+3	3.453E-1	1.955E-4	5.663E-4	7.154E+1
1.840E+3	3.450E-1	1.979E-4	5.736E-4	7.131E+1
1.860E+3	3.447E-1	2.002E-4	5.808E-4	7.105E+1
1.880E+3	3.444E-1	2.027E-4	5.885E-4	7.079E+1
1.900E+3	3.442E-1	2.051E-4	5.958E-4	7.055E+1
1.920E+3	3.439E-1	2.075E-4	6.032E-4	7.029E+1
1.940E+3	3.436E-1	2.099E-4	6.108E-4	7.003E+1
1.960E+3	3.433E-1	2.123E-4	6.184E-4	6.978E+1
1.980E+3	3.430E-1	2.147E-4	6.260E-4	6.953E+1
2.000E+3	3.427E-1	2.172E-4	6.336E-4	6.926E+1
2.020E+3	3.424E-1	2.196E-4	6.413E-4	6.899E+1
2.040E+3	3.421E-1	2.220E-4	6.489E-4	6.872E+1
2.060E+3	3.418E-1	2.245E-4	6.568E-4	6.846E+1
2.080E+3	3.415E-1	2.270E-4	6.648E-4	6.818E+1
2.100E+3	3.412E-1	2.295E-4	6.726E-4	6.791E+1
2.120E+3	3.409E-1	2.320E-4	6.805E-4	6.763E+1
2.140E+3	3.405E-1	2.345E-4	6.887E-4	6.735E+1
2.160E+3	3.402E-1	2.371E-4	6.969E-4	6.706E+1
2.180E+3	3.398E-1	2.395E-4	7.048E-4	6.678E+1
2.200E+3	3.395E-1	2.421E-4	7.131E-4	6.649E+1
2.220E+3	3.391E-1	2.446E-4	7.214E-4	6.620E+1
2.240E+3	3.388E-1	2.472E-4	7.297E-4	6.590E+1
2.260E+3	3.384E-1	2.498E-4	7.381E-4	6.562E+1
2.280E+3	3.381E-1	2.524E-4	7.465E-4	6.531E+1
2.300E+3	3.377E-1	2.550E-4	7.551E-4	6.501E+1
2.320E+3	3.373E-1	2.576E-4	7.638E-4	6.470E+1
2.340E+3	3.369E-1	2.603E-4	7.725E-4	6.440E+1
2.360E+3	3.365E-1	2.629E-4	7.812E-4	6.407E+1
2.380E+3	3.361E-1	2.656E-4	7.902E-4	6.376E+1
2.400E+3	3.357E-1	2.683E-4	7.993E-4	6.344E+1
2.420E+3	3.353E-1	2.710E-4	8.082E-4	6.311E+1
2.440E+3	3.348E-1	2.737E-4	8.173E-4	6.277E+1
2.460E+3	3.344E-1	2.764E-4	8.266E-4	6.244E+1
2.480E+3	3.340E-1	2.792E-4	8.359E-4	6.211E+1
2.500E+3	3.335E-1	2.820E-4	8.455E-4	6.175E+1
2.520E+3	3.331E-1	2.847E-4	8.549E-4	6.139E+1
2.540E+3	3.326E-1	2.876E-4	8.647E-4	6.103E+1
2.560E+3	3.321E-1	2.905E-4	8.745E-4	6.067E+1
2.580E+3	3.316E-1	2.933E-4	8.845E-4	6.031E+1
2.600E+3	3.311E-1	2.963E-4	8.947E-4	5.993E+1
2.620E+3	3.306E-1	2.992E-4	9.050E-4	5.954E+1
2.640E+3	3.301E-1	3.022E-4	9.154E-4	5.915E+1
2.660E+3	3.296E-1	3.053E-4	9.262E-4	5.875E+1
2.680E+3	3.291E-1	3.083E-4	9.368E-4	5.833E+1
2.700E+3	3.285E-1	3.114E-4	9.480E-4	5.789E+1
2.720E+3	3.279E-1	3.146E-4	9.593E-4	5.746E+1
2.740E+3	3.273E-1	3.178E-4	9.709E-4	5.700E+1
2.760E+3	3.267E-1	3.210E-4	9.827E-4	5.654E+1
2.780E+3	3.260E-1	3.243E-4	9.948E-4	5.605E+1
2.800E+3	3.254E-1	3.277E-4	1.007E-3	5.555E+1
2.820E+3	3.247E-1	3.313E-4	1.020E-3	5.501E+1
2.840E+3	3.239E-1	3.349E-4	1.034E-3	5.446E+1
2.860E+3	3.232E-1	3.387E-4	1.048E-3	5.387E+1
2.880E+3	3.224E-1	3.425E-4	1.062E-3	5.324E+1
2.900E+3	3.216E-1	3.465E-4	1.077E-3	5.257E+1
2.920E+3	3.206E-1	3.507E-4	1.094E-3	5.184E+1
2.940E+3	3.196E-1	3.551E-4	1.111E-3	5.105E+1
2.960E+3	3.186E-1	3.598E-4	1.130E-3	5.016E+1
2.980E+3	3.173E-1	3.648E-4	1.150E-3	4.915E+1
3.000E+3	3.160E-1	3.703E-4	1.172E-3	4.798E+1
3.020E+3	3.144E-1	3.763E-4	1.197E-3	4.654E+1
3.040E+3	3.125E-1	3.829E-4	1.226E-3	4.468E+1
3.060E+3	3.100E-1	3.904E-4	1.259E-3	4.206E+1
3.080E+3	3.065E-1	3.977E-4	1.297E-3	3.753E+1
3.100E+3	3.022E-1	3.862E-4	1.278E-3	2.433E+1
3.120E+3	3.122E-1	2.919E-4	9.349E-4	8.528E+0
3.140E+3	3.222E-1	2.242E-4	6.960E-4	8.446E+0
3.160E+3	3.286E-1	1.851E-4	5.631E-4	1.589E+1
3.180E+3	3.327E-1	1.679E-4	5.048E-4	2.683E+1
3.200E+3	3.350E-1	1.677E-4	5.005E-4	3.761E+1
3.220E+3	3.362E-1	1.778E-4	5.288E-4	4.587E+1
3.240E+3	3.365E-1	1.929E-4	5.731E-4	5.136E+1
3.260E+3	3.362E-1	2.094E-4	6.228E-4	5.472E+1
3.280E+3	3.355E-1	2.258E-4	6.730E-4	5.658E+1
3.300E+3	3.346E-1	2.413E-4	7.213E-4	5.751E+1
3.320E+3	3.334E-1	2.554E-4	7.660E-4	5.783E+1
3.340E+3	3.322E-1	2.683E-4	8.076E-4	5.775E+1
3.360E+3	3.310E-1	2.799E-4	8.457E-4	5.744E+1
3.380E+3	3.297E-1	2.903E-4	8.806E-4	5.697E+1
3.400E+3	3.285E-1	2.998E-4	9.126E-4	5.640E+1
3.420E+3	3.273E-1	3.083E-4	9.419E-4	5.579E+1
3.440E+3	3.262E-1	3.160E-4	9.686E-4	5.514E+1
3.460E+3	3.251E-1	3.230E-4	9.937E-4	5.449E+1
3.480E+3	3.240E-1	3.295E-4	1.017E-3	5.383E+1
3.500E+3	3.230E-1	3.355E-4	1.039E-3	5.316E+1
3.520E+3	3.220E-1	3.410E-4	1.059E-3	5.251E+1
3.540E+3	3.210E-1	3.461E-4	1.078E-3	5.188E+1
3.560E+3	3.201E-1	3.510E-4	1.096E-3	5.126E+1
3.580E+3	3.192E-1	3.555E-4	1.114E-3	5.063E+1
3.600E+3	3.184E-1	3.599E-4	1.130E-3	5.003E+1
3.620E+3	3.176E-1	3.640E-4	1.146E-3	4.943E+1
3.640E+3	3.167E-1	3.679E-4	1.161E-3	4.885E+1
3.660E+3	3.159E-1	3.716E-4	1.176E-3	4.825E+1
3.680E+3	3.152E-1	3.753E-4	1.191E-3	4.769E+1
3.700E+3	3.144E-1	3.787E-4	1.205E-3	4.712E+1
3.720E+3	3.137E-1	3.820E-4	1.218E-3	4.657E+1
3.740E+3	3.129E-1	3.853E-4	1.231E-3	4.600E+1
3.760E+3	3.122E-1	3.884E-4	1.244E-3	4.545E+1
3.780E+3	3.115E-1	3.915E-4	1.257E-3	4.491E+1
3.800E+3	3.108E-1	3.944E-4	1.269E-3	4.437E+1
3.820E+3	3.102E-1	3.974E-4	1.281E-3	4.384E+1
3.840E+3	3.095E-1	4.002E-4	1.293E-3	4.329E+1
3.860E+3	3.088E-1	4.029E-4	1.305E-3	4.276E+1
3.880E+3	3.082E-1	4.056E-4	1.316E-3	4.223E+1
3.900E+3	3.075E-1	4.082E-4	1.327E-3	4.169E+1
3.920E+3	3.069E-1	4.107E-4	1.338E-3	4.117E+1
3.940E+3	3.062E-1	4.133E-4	1.349E-3	4.064E+1
3.960E+3	3.056E-1	4.157E-4	1.360E-3	4.011E+1
3.980E+3	3.050E-1	4.181E-4	1.371E-3	3.959E+1
4.000E+3	3.044E-1	4.206E-4	1.382E-3	3.906E+1
4.020E+3	3.038E-1	4.229E-4	1.392E-3	3.854E+1
4.040E+3	3.032E-1	4.251E-4	1.402E-3	3.801E+1
4.060E+3	3.026E-1	4.274E-4	1.412E-3	3.749E+1
4.080E+3	3.020E-1	4.295E-4	1.422E-3	3.696E+1
4.100E+3	3.014E-1	4.317E-4	1.432E-3	3.643E+1
4.120E+3	3.009E-1	4.338E-4	1.442E-3	3.591E+1
4.140E+3	3.003E-1	4.358E-4	1.451E-3	3.537E+1
4.160E+3	2.997E-1	4.379E-4	1.461E-3	3.485E+1
4.180E+3	2.992E-1	4.399E-4	1.470E-3	3.432E+1
4.200E+3	2.987E-1	4.419E-4	1.479E-3	3.379E+1
4.220E+3	2.981E-1	4.438E-4	1.488E-3	3.327E+1
4.240E+3	2.976E-1	4.456E-4	1.497E-3	3.274E+1
4.260E+3	2.971E-1	4.475E-4	1.506E-3	3.221E+1
4.280E+3	2.966E-1	4.493E-4	1.515E-3	3.168E+1
4.300E+3	2.961E-1	4.511E-4	1.524E-3	3.115E+1
4.320E+3	2.955E-1	4.528E-4	1.532E-3	3.061E+1
4.340E+3	2.950E-1	4.545E-4	1.541E-3	3.007E+1
4.360E+3	2.945E-1	4.562E-4	1.549E-3	2.955E+1
4.380E+3	2.941E-1	4.579E-4	1.557E-3	2.901E+1
4.400E+3	2.936E-1	4.595E-4	1.565E-3	2.847E+1
4.420E+3	2.932E-1	4.611E-4	1.573E-3	2.793E+1
4.440E+3	2.927E-1	4.626E-4	1.580E-3	2.740E+1
4.460E+3	2.922E-1	4.641E-4	1.588E-3	2.686E+1
4.480E+3	2.918E-1	4.656E-4	1.596E-3	2.632E+1
4.500E+3	2.913E-1	4.670E-4	1.603E-3	2.577E+1
4.520E+3	2.909E-1	4.684E-4	1.610E-3	2.524E+1
4.540E+3	2.905E-1	4.698E-4	1.617E-3	2.470E+1
4.560E+3	2.901E-1	4.711E-4	1.624E-3	2.416E+1
4.580E+3	2.897E-1	4.725E-4	1.631E-3	2.361E+1
4.600E+3	2.893E-1	4.738E-4	1.638E-3	2.307E+1
4.620E+3	2.889E-1	4.750E-4	1.644E-3	2.253E+1
4.640E+3	2.885E-1	4.761E-4	1.650E-3	2.198E+1
4.660E+3	2.882E-1	4.774E-4	1.657E-3	2.144E+1
4.680E+3	2.878E-1	4.785E-4	1.663E-3	2.090E+1
4.700E+3	2.874E-1	4.796E-4	1.668E-3	2.035E+1
4.720E+3	2.871E-1	4.807E-4	1.674E-3	1.980E+1
4.740E+3	2.868E-1	4.817E-4	1.680E-3	1.926E+1
4.760E+3	2.864E-1	4.827E-4	1.685E-3	1.871E+1
4.780E+3	2.861E-1	4.838E-4	1.691E-3	1.817E+1
4.800E+3	2.858E-1	4.847E-4	1.696E-3	1.762E+1
4.820E+3	2.855E-1	4.856E-4	1.701E-3	1.708E+1
4.840E+3	2.852E-1	4.865E-4	1.706E-3	1.654E+1
4.860E+3	2.850E-1	4.874E-4	1.710E-3	1.600E+1
4.880E+3	2.847E-1	4.882E-4	1.715E-3	1.545E+1
4.900E+3	2.844E-1	4.889E-4	1.719E-3	1.489E+1
4.920E+3	2.842E-1	4.897E-4	1.723E-3	1.436E+1
4.940E+3	2.839E-1	4.905E-4	1.727E-3	1.381E+1
4.960E+3	2.837E-1	4.913E-4	1.731E-3	1.327E+1
4.980E+3	2.835E-1	4.919E-4	1.735E-3	1.273E+1
5.000E+3	2.833E-1	4.925E-4	1.739E-3	1.219E+1
5.020E+3	2.831E-1	4.931E-4	1.742E-3	1.165E+1
5.040E+3	2.829E-1	4.938E-4	1.745E-3	1.111E+1
5.060E+3	2.827E-1	4.942E-4	1.748E-3	1.057E+1
5.080E+3	2.825E-1	4.947E-4	1.751E-3	1.003E+1
5.100E+3	2.824E-1	4.952E-4	1.754E-3	9.497E+0
5.120E+3	2.822E-1	4.957E-4	1.756E-3	8.962E+0
5.140E+3	2.820E-1	4.961E-4	1.759E-3	8.427E+0
5.160E+3	2.820E-1	4.966E-4	1.761E-3	7.895E+0
5.180E+3	2.818E-1	4.969E-4	1.763E-3	7.355E+0
5.200E+3	2.817E-1	4.973E-4	1.765E-3	6.830E+0
5.220E+3	2.816E-1	4.976E-4	1.767E-3	6.302E+0
5.240E+3	2.815E-1	4.979E-4	1.769E-3	5.776E+0
5.260E+3	2.814E-1	4.981E-4	1.770E-3	5.247E+0
5.280E+3	2.813E-1	4.983E-4	1.771E-3	4.727E+0
5.300E+3	2.812E-1	4.986E-4	1.773E-3	4.202E+0
5.320E+3	2.812E-1	4.987E-4	1.774E-3	3.680E+0
5.340E+3	2.811E-1	4.989E-4	1.775E-3	3.151E+0
5.360E+3	2.811E-1	4.991E-4	1.776E-3	2.637E+0
5.380E+3	2.811E-1	4.992E-4	1.776E-3	2.124E+0
5.400E+3	2.810E-1	4.992E-4	1.776E-3	1.614E+0
5.420E+3	2.810E-1	4.993E-4	1.777E-3	1.103E+0
5.440E+3	2.810E-1	4.993E-4	1.777E-3	5.864E-1
5.460E+3	2.810E-1	4.993E-4	1.777E-3	8.146E-2
5.480E+3	2.810E-1	4.993E-4	1.777E-3	-4.153E-1
5.500E+3	2.810E-1	4.992E-4	1.777E-3	-9.244E-1
5.520E+3	2.810E-1	4.991E-4	1.776E-3	-1.428E+0
5.540E+3	2.811E-1	4.991E-4	1.776E-3	-1.926E+0
5.560E+3	2.811E-1	4.990E-4	1.775E-3	-2.423E+0
5.580E+3	2.811E-1	4.989E-4	1.774E-3	-2.918E+0
5.600E+3	2.812E-1	4.987E-4	1.773E-3	-3.409E+0
5.620E+3	2.812E-1	4.985E-4	1.772E-3	-3.892E+0
5.640E+3	2.813E-1	4.983E-4	1.771E-3	-4.388E+0
5.660E+3	2.814E-1	4.981E-4	1.770E-3	-4.870E+0
5.680E+3	2.815E-1	4.978E-4	1.768E-3	-5.346E+0
5.700E+3	2.815E-1	4.975E-4	1.767E-3	-5.826E+0
5.720E+3	2.817E-1	4.973E-4	1.766E-3	-6.307E+0
5.740E+3	2.818E-1	4.970E-4	1.764E-3	-6.773E+0
5.760E+3	2.819E-1	4.966E-4	1.762E-3	-7.249E+0
5.780E+3	2.820E-1	4.963E-4	1.760E-3	-7.718E+0
5.800E+3	2.821E-1	4.959E-4	1.758E-3	-8.180E+0
5.820E+3	2.822E-1	4.955E-4	1.756E-3	-8.643E+0
5.840E+3	2.824E-1	4.951E-4	1.753E-3	-9.105E+0
5.860E+3	2.825E-1	4.946E-4	1.751E-3	-9.562E+0
5.880E+3	2.826E-1	4.942E-4	1.749E-3	-1.001E+1
5.900E+3	2.828E-1	4.937E-4	1.746E-3	-1.047E+1
5.920E+3	2.830E-1	4.934E-4	1.743E-3	-1.092E+1
5.940E+3	2.831E-1	4.929E-4	1.741E-3	-1.136E+1
5.960E+3	2.833E-1	4.923E-4	1.738E-3	-1.180E+1
5.980E+3	2.835E-1	4.918E-4	1.735E-3	-1.224E+1
6.000E+3	2.836E-1	4.912E-4	1.732E-3	-1.267E+1
6.020E+3	2.838E-1	4.907E-4	1.729E-3	-1.311E+1
6.040E+3	2.840E-1	4.901E-4	1.726E-3	-1.354E+1
6.060E+3	2.842E-1	4.895E-4	1.723E-3	-1.397E+1
6.080E+3	2.844E-1	4.889E-4	1.719E-3	-1.440E+1
6.100E+3	2.846E-1	4.884E-4	1.716E-3	-1.482E+1
6.120E+3	2.848E-1	4.877E-4	1.712E-3	-1.524E+1
6.140E+3	2.850E-1	4.871E-4	1.709E-3	-1.564E+1
6.160E+3	2.852E-1	4.864E-4	1.705E-3	-1.606E+1
6.180E+3	2.854E-1	4.857E-4	1.702E-3	-1.647E+1
6.200E+3	2.856E-1	4.851E-4	1.698E-3	-1.688E+1
6.220E+3	2.859E-1	4.844E-4	1.694E-3	-1.728E+1
6.240E+3	2.861E-1	4.837E-4	1.691E-3	-1.768E+1
6.260E+3	2.863E-1	4.829E-4	1.687E-3	-1.807E+1
6.280E+3	2.865E-1	4.822E-4	1.683E-3	-1.847E+1
6.300E+3	2.868E-1	4.815E-4	1.679E-3	-1.886E+1
6.320E+3	2.870E-1	4.808E-4	1.675E-3	-1.925E+1
6.340E+3	2.873E-1	4.800E-4	1.671E-3	-1.964E+1
6.360E+3	2.875E-1	4.792E-4	1.667E-3	-2.002E+1
6.380E+3	2.877E-1	4.784E-4	1.663E-3	-2.040E+1
6.400E+3	2.880E-1	4.777E-4	1.659E-3	-2.078E+1
6.420E+3	2.882E-1	4.768E-4	1.654E-3	-2.114E+1
6.440E+3	2.884E-1	4.760E-4	1.650E-3	-2.151E+1
6.460E+3	2.887E-1	4.751E-4	1.646E-3	-2.189E+1
6.480E+3	2.890E-1	4.744E-4	1.642E-3	-2.225E+1
6.500E+3	2.892E-1	4.736E-4	1.637E-3	-2.261E+1
6.520E+3	2.894E-1	4.726E-4	1.633E-3	-2.297E+1
6.540E+3	2.897E-1	4.718E-4	1.629E-3	-2.333E+1
6.560E+3	2.900E-1	4.710E-4	1.624E-3	-2.368E+1
6.580E+3	2.902E-1	4.701E-4	1.620E-3	-2.403E+1
6.600E+3	2.904E-1	4.691E-4	1.615E-3	-2.438E+1
6.620E+3	2.907E-1	4.683E-4	1.611E-3	-2.472E+1
6.640E+3	2.910E-1	4.674E-4	1.606E-3	-2.507E+1
6.660E+3	2.912E-1	4.665E-4	1.602E-3	-2.541E+1
6.680E+3	2.915E-1	4.656E-4	1.597E-3	-2.574E+1
6.700E+3	2.918E-1	4.648E-4	1.593E-3	-2.607E+1
6.720E+3	2.921E-1	4.638E-4	1.588E-3	-2.641E+1
6.740E+3	2.923E-1	4.629E-4	1.583E-3	-2.674E+1
6.760E+3	2.926E-1	4.620E-4	1.579E-3	-2.706E+1
6.780E+3	2.929E-1	4.611E-4	1.574E-3	-2.737E+1
6.800E+3	2.932E-1	4.601E-4	1.569E-3	-2.770E+1
6.820E+3	2.934E-1	4.592E-4	1.565E-3	-2.802E+1
6.840E+3	2.937E-1	4.582E-4	1.560E-3	-2.833E+1
6.860E+3	2.940E-1	4.574E-4	1.556E-3	-2.865E+1
6.880E+3	2.943E-1	4.564E-4	1.551E-3	-2.896E+1
6.900E+3	2.946E-1	4.556E-4	1.546E-3	-2.926E+1
6.920E+3	2.948E-1	4.546E-4	1.542E-3	-2.956E+1
6.940E+3	2.951E-1	4.535E-4	1.537E-3	-2.986E+1
6.960E+3	2.954E-1	4.526E-4	1.532E-3	-3.017E+1
6.980E+3	2.957E-1	4.517E-4	1.527E-3	-3.046E+1
7.000E+3	2.959E-1	4.507E-4	1.523E-3	-3.076E+1
7.020E+3	2.962E-1	4.497E-4	1.518E-3	-3.104E+1
7.040E+3	2.965E-1	4.488E-4	1.514E-3	-3.134E+1
7.060E+3	2.968E-1	4.478E-4	1.509E-3	-3.163E+1
7.080E+3	2.971E-1	4.468E-4	1.504E-3	-3.191E+1
7.100E+3	2.974E-1	4.459E-4	1.499E-3	-3.220E+1
7.120E+3	2.976E-1	4.450E-4	1.495E-3	-3.246E+1
7.140E+3	2.979E-1	4.440E-4	1.490E-3	-3.275E+1
7.160E+3	2.982E-1	4.430E-4	1.486E-3	-3.302E+1
7.180E+3	2.985E-1	4.420E-4	1.481E-3	-3.329E+1
7.200E+3	2.988E-1	4.410E-4	1.476E-3	-3.356E+1
7.220E+3	2.990E-1	4.400E-4	1.472E-3	-3.383E+1
7.240E+3	2.993E-1	4.391E-4	1.467E-3	-3.410E+1
7.260E+3	2.996E-1	4.381E-4	1.462E-3	-3.436E+1
7.280E+3	2.999E-1	4.371E-4	1.458E-3	-3.463E+1
7.300E+3	3.001E-1	4.361E-4	1.453E-3	-3.489E+1
7.320E+3	3.004E-1	4.351E-4	1.448E-3	-3.514E+1
7.340E+3	3.007E-1	4.342E-4	1.444E-3	-3.540E+1
7.360E+3	3.009E-1	4.331E-4	1.439E-3	-3.565E+1
7.380E+3	3.012E-1	4.322E-4	1.435E-3	-3.591E+1
7.400E+3	3.015E-1	4.312E-4	1.430E-3	-3.615E+1
7.420E+3	3.017E-1	4.302E-4	1.426E-3	-3.639E+1
7.440E+3	3.020E-1	4.292E-4	1.421E-3	-3.664E+1
7.460E+3	3.023E-1	4.282E-4	1.416E-3	-3.687E+1
7.480E+3	3.026E-1	4.272E-4	1.412E-3	-3.713E+1
7.500E+3	3.028E-1	4.263E-4	1.408E-3	-3.735E+1
7.520E+3	3.031E-1	4.253E-4	1.403E-3	-3.761E+1
7.540E+3	3.033E-1	4.242E-4	1.399E-3	-3.783E+1
7.560E+3	3.036E-1	4.233E-4	1.394E-3	-3.807E+1
7.580E+3	3.039E-1	4.223E-4	1.390E-3	-3.829E+1
7.600E+3	3.041E-1	4.213E-4	1.385E-3	-3.853E+1
7.620E+3	3.044E-1	4.203E-4	1.381E-3	-3.875E+1
7.640E+3	3.047E-1	4.194E-4	1.376E-3	-3.897E+1
7.660E+3	3.049E-1	4.184E-4	1.372E-3	-3.920E+1
7.680E+3	3.052E-1	4.173E-4	1.367E-3	-3.942E+1
7.700E+3	3.054E-1	4.164E-4	1.363E-3	-3.964E+1
7.720E+3	3.057E-1	4.155E-4	1.359E-3	-3.986E+1
7.740E+3	3.059E-1	4.144E-4	1.355E-3	-4.007E+1
7.760E+3	3.062E-1	4.134E-4	1.350E-3	-4.028E+1
7.780E+3	3.064E-1	4.124E-4	1.346E-3	-4.050E+1
7.800E+3	3.067E-1	4.115E-4	1.342E-3	-4.071E+1
7.820E+3	3.069E-1	4.105E-4	1.337E-3	-4.092E+1
7.840E+3	3.072E-1	4.096E-4	1.333E-3	-4.113E+1
7.860E+3	3.074E-1	4.086E-4	1.329E-3	-4.133E+1
7.880E+3	3.077E-1	4.076E-4	1.325E-3	-4.154E+1
7.900E+3	3.079E-1	4.067E-4	1.321E-3	-4.173E+1
7.920E+3	3.081E-1	4.057E-4	1.316E-3	-4.194E+1
7.940E+3	3.084E-1	4.047E-4	1.312E-3	-4.213E+1
7.960E+3	3.086E-1	4.038E-4	1.308E-3	-4.233E+1
7.980E+3	3.088E-1	4.028E-4	1.304E-3	-4.253E+1
8.000E+3	3.091E-1	4.019E-4	1.300E-3	-4.273E+1
8.020E+3	3.094E-1	4.009E-4	1.296E-3	-4.292E+1
8.040E+3	3.096E-1	3.999E-4	1.292E-3	-4.311E+1
8.060E+3	3.098E-1	3.990E-4	1.288E-3	-4.331E+1
8.080E+3	3.101E-1	3.980E-4	1.284E-3	-4.349E+1
8.100E+3	3.103E-1	3.971E-4	1.280E-3	-4.368E+1
8.120E+3	3.105E-1	3.961E-4	1.276E-3	-4.386E+1
8.140E+3	3.107E-1	3.952E-4	1.272E-3	-4.405E+1
8.160E+3	3.110E-1	3.943E-4	1.268E-3	-4.424E+1
8.180E+3	3.112E-1	3.932E-4	1.264E-3	-4.441E+1
8.200E+3	3.114E-1	3.924E-4	1.260E-3	-4.460E+1
8.220E+3	3.117E-1	3.915E-4	1.256E-3	-4.477E+1
8.240E+3	3.119E-1	3.905E-4	1.252E-3	-4.495E+1
8.260E+3	3.121E-1	3.896E-4	1.248E-3	-4.512E+1
8.280E+3	3.123E-1	3.887E-4	1.244E-3	-4.529E+1
8.300E+3	3.125E-1	3.877E-4	1.241E-3	-4.547E+1
8.320E+3	3.127E-1	3.868E-4	1.237E-3	-4.564E+1
8.340E+3	3.130E-1	3.859E-4	1.233E-3	-4.581E+1
8.360E+3	3.132E-1	3.850E-4	1.229E-3	-4.597E+1
8.380E+3	3.134E-1	3.841E-4	1.225E-3	-4.615E+1
8.400E+3	3.136E-1	3.832E-4	1.222E-3	-4.632E+1
8.420E+3	3.138E-1	3.823E-4	1.218E-3	-4.648E+1
8.440E+3	3.141E-1	3.813E-4	1.214E-3	-4.664E+1
8.460E+3	3.143E-1	3.804E-4	1.211E-3	-4.680E+1
8.480E+3	3.145E-1	3.795E-4	1.207E-3	-4.696E+1
8.500E+3	3.147E-1	3.786E-4	1.203E-3	-4.712E+1
8.520E+3	3.149E-1	3.777E-4	1.200E-3	-4.729E+1
8.540E+3	3.151E-1	3.768E-4	1.196E-3	-4.745E+1
8.560E+3	3.153E-1	3.759E-4	1.192E-3	-4.760E+1
8.580E+3	3.155E-1	3.750E-4	1.189E-3	-4.776E+1
8.600E+3	3.157E-1	3.742E-4	1.185E-3	-4.792E+1
8.620E+3	3.159E-1	3.733E-4	1.182E-3	-4.806E+1
8.640E+3	3.161E-1	3.723E-4	1.178E-3	-4.822E+1
8.660E+3	3.163E-1	3.715E-4	1.175E-3	-4.836E+1
8.680E+3	3.165E-1	3.706E-4	1.171E-3	-4.852E+1
8.700E+3	3.166E-1	3.697E-4	1.168E-3	-4.866E+1
8.720E+3	3.168E-1	3.688E-4	1.164E-3	-4.881E+1
8.740E+3	3.170E-1	3.679E-4	1.161E-3	-4.896E+1
8.760E+3	3.172E-1	3.672E-4	1.157E-3	-4.910E+1
8.780E+3	3.174E-1	3.663E-4	1.154E-3	-4.924E+1
8.800E+3	3.176E-1	3.654E-4	1.150E-3	-4.939E+1
8.820E+3	3.178E-1	3.645E-4	1.147E-3	-4.954E+1
8.840E+3	3.180E-1	3.637E-4	1.144E-3	-4.968E+1
8.860E+3	3.181E-1	3.628E-4	1.140E-3	-4.982E+1
8.880E+3	3.183E-1	3.619E-4	1.137E-3	-4.996E+1
8.900E+3	3.185E-1	3.611E-4	1.134E-3	-5.009E+1
8.920E+3	3.187E-1	3.603E-4	1.131E-3	-5.023E+1
8.940E+3	3.189E-1	3.594E-4	1.127E-3	-5.038E+1
8.960E+3	3.191E-1	3.586E-4	1.124E-3	-5.051E+1
8.980E+3	3.193E-1	3.578E-4	1.121E-3	-5.064E+1
9.000E+3	3.194E-1	3.570E-4	1.118E-3	-5.078E+1
9.020E+3	3.196E-1	3.562E-4	1.114E-3	-5.092E+1
9.040E+3	3.198E-1	3.553E-4	1.111E-3	-5.104E+1
9.060E+3	3.200E-1	3.545E-4	1.108E-3	-5.117E+1
9.080E+3	3.201E-1	3.536E-4	1.105E-3	-5.130E+1
9.100E+3	3.203E-1	3.529E-4	1.102E-3	-5.144E+1
9.120E+3	3.205E-1	3.520E-4	1.098E-3	-5.157E+1
9.140E+3	3.207E-1	3.513E-4	1.095E-3	-5.168E+1
9.160E+3	3.209E-1	3.505E-4	1.092E-3	-5.181E+1
9.180E+3	3.210E-1	3.497E-4	1.089E-3	-5.193E+1
9.200E+3	3.212E-1	3.488E-4	1.086E-3	-5.206E+1
9.220E+3	3.213E-1	3.481E-4	1.083E-3	-5.220E+1
9.240E+3	3.215E-1	3.472E-4	1.080E-3	-5.231E+1
9.260E+3	3.217E-1	3.464E-4	1.077E-3	-5.243E+1
9.280E+3	3.218E-1	3.457E-4	1.074E-3	-5.256E+1
9.300E+3	3.220E-1	3.449E-4	1.071E-3	-5.268E+1
9.320E+3	3.221E-1	3.441E-4	1.068E-3	-5.281E+1
9.340E+3	3.223E-1	3.434E-4	1.065E-3	-5.292E+1
9.360E+3	3.225E-1	3.425E-4	1.062E-3	-5.303E+1
9.380E+3	3.227E-1	3.418E-4	1.059E-3	-5.315E+1
9.400E+3	3.228E-1	3.410E-4	1.056E-3	-5.326E+1
9.420E+3	3.230E-1	3.402E-4	1.054E-3	-5.339E+1
9.440E+3	3.231E-1	3.394E-4	1.050E-3	-5.350E+1
9.460E+3	3.233E-1	3.387E-4	1.048E-3	-5.363E+1
9.480E+3	3.234E-1	3.379E-4	1.045E-3	-5.374E+1
9.500E+3	3.236E-1	3.371E-4	1.042E-3	-5.385E+1
9.520E+3	3.237E-1	3.365E-4	1.039E-3	-5.396E+1
9.540E+3	3.239E-1	3.357E-4	1.037E-3	-5.407E+1
9.560E+3	3.240E-1	3.349E-4	1.034E-3	-5.418E+1
9.580E+3	3.242E-1	3.342E-4	1.031E-3	-5.430E+1
9.600E+3	3.243E-1	3.334E-4	1.028E-3	-5.440E+1
9.620E+3	3.245E-1	3.327E-4	1.025E-3	-5.451E+1
9.640E+3	3.246E-1	3.320E-4	1.023E-3	-5.462E+1
9.660E+3	3.247E-1	3.312E-4	1.020E-3	-5.472E+1
9.680E+3	3.249E-1	3.304E-4	1.017E-3	-5.483E+1
9.700E+3	3.250E-1	3.297E-4	1.014E-3	-5.495E+1
9.720E+3	3.252E-1	3.290E-4	1.012E-3	-5.504E+1
9.740E+3	3.253E-1	3.283E-4	1.009E-3	-5.515E+1
9.760E+3	3.255E-1	3.275E-4	1.006E-3	-5.525E+1
9.780E+3	3.256E-1	3.269E-4	1.004E-3	-5.535E+1
9.800E+3	3.257E-1	3.261E-4	1.001E-3	-5.546E+1
9.820E+3	3.259E-1	3.254E-4	9.985E-4	-5.556E+1
9.840E+3	3.260E-1	3.247E-4	9.959E-4	-5.566E+1
9.860E+3	3.262E-1	3.240E-4	9.933E-4	-5.577E+1
9.880E+3	3.263E-1	3.232E-4	9.907E-4	-5.586E+1
9.900E+3	3.265E-1	3.226E-4	9.881E-4	-5.597E+1
9.920E+3	3.266E-1	3.219E-4	9.855E-4	-5.606E+1
9.940E+3	3.267E-1	3.213E-4	9.833E-4	-5.616E+1
9.960E+3	3.269E-1	3.205E-4	9.805E-4	-5.626E+1
9.980E+3	3.270E-1	3.198E-4	9.779E-4	-5.635E+1
1.000E+4	3.271E-1	3.191E-4	9.755E-4	-5.646E+1
1.002E+4	3.272E-1	3.184E-4	9.730E-4	-5.655E+1
