1.000E+2	3.564E-1	4.189E-6	1.175E-5	9.137E+1
2.000E+2	3.564E-1	8.392E-6	2.355E-5	9.011E+1
3.000E+2	3.564E-1	1.258E-5	3.530E-5	8.941E+1
4.000E+2	3.564E-1	1.679E-5	4.710E-5	8.885E+1
5.000E+2	3.563E-1	2.100E-5	5.894E-5	8.840E+1
6.000E+2	3.563E-1	2.525E-5	7.088E-5	8.794E+1
7.000E+2	3.562E-1	2.952E-5	8.288E-5	8.754E+1
8.000E+2	3.561E-1	3.379E-5	9.489E-5	8.708E+1
9.000E+2	3.560E-1	3.808E-5	1.070E-4	8.668E+1
1.000E+3	3.559E-1	4.242E-5	1.192E-4	8.628E+1
1.100E+3	3.557E-1	4.677E-5	1.315E-4	8.584E+1
1.200E+3	3.556E-1	5.117E-5	1.439E-4	8.542E+1
1.300E+3	3.554E-1	5.561E-5	1.565E-4	8.501E+1
1.400E+3	3.553E-1	6.012E-5	1.692E-4	8.459E+1
1.500E+3	3.550E-1	6.469E-5	1.822E-4	8.417E+1
1.600E+3	3.549E-1	6.930E-5	1.953E-4	8.373E+1
1.700E+3	3.547E-1	7.401E-5	2.087E-4	8.328E+1
1.800E+3	3.544E-1	7.875E-5	2.222E-4	8.284E+1
1.900E+3	3.542E-1	8.361E-5	2.361E-4	8.239E+1
2.000E+3	3.539E-1	8.852E-5	2.501E-4	8.192E+1
2.100E+3	3.536E-1	9.355E-5	2.646E-4	8.146E+1
2.200E+3	3.533E-1	9.870E-5	2.794E-4	8.097E+1
2.300E+3	3.530E-1	1.040E-4	2.945E-4	8.046E+1
2.400E+3	3.526E-1	1.094E-4	3.102E-4	7.994E+1
2.500E+3	3.523E-1	1.150E-4	3.264E-4	7.940E+1
2.600E+3	3.519E-1	1.208E-4	3.433E-4	7.884E+1
2.700E+3	3.515E-1	1.268E-4	3.608E-4	7.824E+1
2.800E+3	3.510E-1	1.331E-4	3.793E-4	7.763E+1
2.900E+3	3.505E-1	1.398E-4	3.989E-4	7.697E+1
3.000E+3	3.498E-1	1.469E-4	4.199E-4	7.626E+1
3.100E+3	3.492E-1	1.546E-4	4.427E-4	7.546E+1
3.200E+3	3.484E-1	1.631E-4	4.681E-4	7.457E+1
3.300E+3	3.475E-1	1.727E-4	4.971E-4	7.353E+1
3.400E+3	3.463E-1	1.842E-4	5.320E-4	7.223E+1
3.500E+3	3.446E-1	1.989E-4	5.773E-4	7.044E+1
3.530E+3	3.439E-1	2.045E-4	5.945E-4	6.971E+1
3.560E+3	3.431E-1	2.107E-4	6.142E-4	6.884E+1
3.590E+3	3.420E-1	2.181E-4	6.375E-4	6.776E+1
3.620E+3	3.407E-1	2.270E-4	6.661E-4	6.634E+1
3.650E+3	3.388E-1	2.383E-4	7.033E-4	6.429E+1
3.680E+3	3.357E-1	2.540E-4	7.565E-4	6.087E+1
3.710E+3	3.286E-1	2.794E-4	8.503E-4	5.211E+1
3.740E+3	3.177E-1	2.673E-4	8.414E-4	1.830E+1
3.770E+3	3.248E-1	2.073E-4	6.383E-4	-2.781E-1
3.800E+3	3.326E-1	1.564E-4	4.704E-4	-8.685E+0
3.830E+3	3.388E-1	1.151E-4	3.396E-4	-1.091E+1
3.860E+3	3.433E-1	8.299E-5	2.417E-4	-6.276E+0
3.890E+3	3.465E-1	6.168E-5	1.780E-4	7.472E+0
3.920E+3	3.486E-1	5.370E-5	1.541E-4	2.916E+1
3.950E+3	3.499E-1	5.782E-5	1.653E-4	4.905E+1
3.980E+3	3.506E-1	6.806E-5	1.941E-4	6.139E+1
4.010E+3	3.510E-1	7.995E-5	2.278E-4	6.801E+1
4.040E+3	3.510E-1	9.156E-5	2.608E-4	7.154E+1
4.070E+3	3.509E-1	1.023E-4	2.914E-4	7.338E+1
4.100E+3	3.507E-1	1.119E-4	3.191E-4	7.431E+1
4.130E+3	3.504E-1	1.206E-4	3.441E-4	7.473E+1
4.160E+3	3.501E-1	1.283E-4	3.666E-4	7.485E+1
4.190E+3	3.498E-1	1.354E-4	3.871E-4	7.480E+1
4.220E+3	3.494E-1	1.418E-4	4.058E-4	7.464E+1
4.250E+3	3.490E-1	1.476E-4	4.230E-4	7.442E+1
4.280E+3	3.486E-1	1.530E-4	4.389E-4	7.415E+1
4.310E+3	3.483E-1	1.580E-4	4.538E-4	7.388E+1
4.410E+3	3.471E-1	1.727E-4	4.977E-4	7.285E+1
4.510E+3	3.460E-1	1.852E-4	5.353E-4	7.181E+1
4.610E+3	3.449E-1	1.963E-4	5.692E-4	7.079E+1
4.710E+3	3.437E-1	2.066E-4	6.010E-4	6.979E+1
4.810E+3	3.427E-1	2.164E-4	6.314E-4	6.880E+1
4.910E+3	3.415E-1	2.257E-4	6.610E-4	6.781E+1
5.010E+3	3.403E-1	2.350E-4	6.903E-4	6.681E+1
5.110E+3	3.391E-1	2.440E-4	7.196E-4	6.579E+1
5.210E+3	3.379E-1	2.531E-4	7.489E-4	6.476E+1
5.310E+3	3.366E-1	2.620E-4	7.785E-4	6.371E+1
5.410E+3	3.353E-1	2.710E-4	8.085E-4	6.263E+1
5.510E+3	3.338E-1	2.801E-4	8.390E-4	6.152E+1
5.610E+3	3.324E-1	2.892E-4	8.701E-4	6.038E+1
5.710E+3	3.308E-1	2.983E-4	9.016E-4	5.920E+1
5.810E+3	3.293E-1	3.075E-4	9.338E-4	5.799E+1
5.910E+3	3.276E-1	3.167E-4	9.665E-4	5.672E+1
6.010E+3	3.259E-1	3.259E-4	1.000E-3	5.542E+1
6.110E+3	3.242E-1	3.352E-4	1.034E-3	5.406E+1
6.210E+3	3.223E-1	3.444E-4	1.069E-3	5.265E+1
6.310E+3	3.204E-1	3.537E-4	1.104E-3	5.119E+1
6.410E+3	3.184E-1	3.629E-4	1.140E-3	4.967E+1
6.510E+3	3.164E-1	3.722E-4	1.176E-3	4.810E+1
6.610E+3	3.143E-1	3.813E-4	1.213E-3	4.647E+1
6.710E+3	3.122E-1	3.903E-4	1.250E-3	4.477E+1
6.810E+3	3.101E-1	3.992E-4	1.288E-3	4.301E+1
6.910E+3	3.079E-1	4.080E-4	1.325E-3	4.119E+1
7.010E+3	3.057E-1	4.165E-4	1.362E-3	3.929E+1
7.110E+3	3.036E-1	4.248E-4	1.399E-3	3.734E+1
7.210E+3	3.013E-1	4.328E-4	1.436E-3	3.532E+1
7.310E+3	2.992E-1	4.404E-4	1.472E-3	3.323E+1
7.410E+3	2.971E-1	4.477E-4	1.507E-3	3.108E+1
7.510E+3	2.951E-1	4.547E-4	1.541E-3	2.887E+1
7.610E+3	2.932E-1	4.612E-4	1.573E-3	2.660E+1
7.710E+3	2.914E-1	4.672E-4	1.603E-3	2.428E+1
7.810E+3	2.898E-1	4.728E-4	1.632E-3	2.192E+1
7.910E+3	2.882E-1	4.777E-4	1.657E-3	1.951E+1
8.010E+3	2.869E-1	4.822E-4	1.681E-3	1.706E+1
8.110E+3	2.856E-1	4.859E-4	1.701E-3	1.459E+1
8.210E+3	2.846E-1	4.891E-4	1.719E-3	1.210E+1
8.310E+3	2.837E-1	4.917E-4	1.733E-3	9.598E+0
8.410E+3	2.831E-1	4.937E-4	1.744E-3	7.093E+0
8.510E+3	2.826E-1	4.950E-4	1.751E-3	4.598E+0
8.610E+3	2.824E-1	4.958E-4	1.756E-3	2.118E+0
8.710E+3	2.823E-1	4.960E-4	1.757E-3	-3.384E-1
8.810E+3	2.825E-1	4.957E-4	1.755E-3	-2.764E+0
8.910E+3	2.828E-1	4.947E-4	1.749E-3	-5.144E+0
9.010E+3	2.833E-1	4.933E-4	1.741E-3	-7.486E+0
9.110E+3	2.839E-1	4.914E-4	1.731E-3	-9.775E+0
9.210E+3	2.848E-1	4.891E-4	1.718E-3	-1.201E+1
9.310E+3	2.856E-1	4.862E-4	1.702E-3	-1.418E+1
9.410E+3	2.867E-1	4.831E-4	1.685E-3	-1.628E+1
9.510E+3	2.878E-1	4.796E-4	1.667E-3	-1.833E+1
9.610E+3	2.890E-1	4.758E-4	1.646E-3	-2.030E+1
9.710E+3	2.903E-1	4.718E-4	1.625E-3	-2.221E+1
9.810E+3	2.916E-1	4.674E-4	1.603E-3	-2.405E+1
9.910E+3	2.930E-1	4.630E-4	1.580E-3	-2.582E+1
1.001E+4	2.944E-1	4.583E-4	1.556E-3	-2.752E+1
1.011E+4	2.958E-1	4.534E-4	1.533E-3	-2.916E+1
