  1.000000e+01  -8.729555e+01 
  1.191919e+01  -8.571782e+01 
  1.383838e+01  -8.441769e+01 
  1.575758e+01  -8.337257e+01 
  1.767677e+01  -8.333752e+01 
  1.959596e+01  -8.356997e+01 
  2.151515e+01  -8.051653e+01 
  2.343434e+01  -7.921935e+01 
  2.535353e+01  -7.885591e+01 
  2.727273e+01  -7.751643e+01 
  2.919192e+01  -7.606013e+01 
  3.111111e+01  -7.362923e+01 
  3.303030e+01  -6.976090e+01 
  3.494949e+01  -5.169723e+01 
  3.686869e+01  -8.201575e+01 
  3.878788e+01  -7.963286e+01 
  4.070707e+01  -9.280283e+01 
  4.262626e+01  -8.206690e+01 
  4.454546e+01  -8.488071e+01 
  4.646465e+01  -8.432651e+01 
  4.838384e+01  -8.268411e+01 
  5.030303e+01  -8.532409e+01 
  5.222222e+01  -8.067052e+01 
  5.414141e+01  -8.053408e+01 
  5.606061e+01  -8.054831e+01 
  5.797980e+01  -8.053316e+01 
  5.989899e+01  -8.050156e+01 
  6.181818e+01  -8.062599e+01 
  6.373737e+01  -8.068984e+01 
  6.565656e+01  -8.123506e+01 
  6.757576e+01  -8.229419e+01 
  6.949495e+01  -8.383563e+01 
  7.141414e+01  -6.566402e+01 
  7.333334e+01  -6.734721e+01 
  7.525253e+01  -7.626730e+01 
  7.717171e+01  -7.631683e+01 
  7.909091e+01  -7.562447e+01 
  8.101010e+01  -7.532991e+01 
  8.292929e+01  -7.589103e+01 
  8.484849e+01  -7.611898e+01 
  8.676768e+01  -7.601548e+01 
  8.868687e+01  -7.626430e+01 
  9.060606e+01  -7.636237e+01 
  9.252525e+01  -7.639265e+01 
  9.444444e+01  -7.627956e+01 
  9.636364e+01  -7.625285e+01 
  9.828283e+01  -7.627187e+01 
  1.002020e+02  -7.636636e+01 
  1.021212e+02  -7.616557e+01 
  1.040404e+02  -7.608954e+01 
  1.059596e+02  -7.536391e+01 
  1.078788e+02  -7.830965e+01 
  1.097980e+02  -7.706485e+01 
  1.117172e+02  -7.686597e+01 
  1.136364e+02  -7.676752e+01 
  1.155556e+02  -7.678329e+01 
  1.174747e+02  -7.682853e+01 
  1.193939e+02  -7.685430e+01 
  1.213131e+02  -7.695040e+01 
  1.232323e+02  -7.714201e+01 
  1.251515e+02  -7.718914e+01 
  1.270707e+02  -7.736871e+01 
  1.289899e+02  -7.763721e+01 
  1.309091e+02  -7.804317e+01 
  1.328283e+02  -7.898642e+01 
  1.347475e+02  -8.399328e+01 
  1.366667e+02  -7.552128e+01 
  1.385859e+02  -7.066682e+01 
  1.405051e+02  -7.391634e+01 
  1.424242e+02  -7.419874e+01 
  1.443434e+02  -7.389093e+01 
  1.462626e+02  -7.474451e+01 
  1.481818e+02  -7.500947e+01 
  1.501010e+02  -7.706362e+01 
  1.520202e+02  -7.535664e+01 
  1.539394e+02  -7.546362e+01 
  1.558586e+02  -7.572162e+01 
  1.577778e+02  -7.607269e+01 
  1.596970e+02  -7.633208e+01 
  1.616162e+02  -7.613976e+01 
  1.635354e+02  -7.521572e+01 
  1.654545e+02  -7.566772e+01 
  1.673737e+02  -7.591549e+01 
  1.692929e+02  -7.614872e+01 
  1.712121e+02  -7.701761e+01 
  1.731313e+02  -7.501460e+01 
  1.750505e+02  -7.553197e+01 
  1.769697e+02  -7.564213e+01 
  1.788889e+02  -7.579288e+01 
  1.808081e+02  -7.583744e+01 
  1.827273e+02  -7.595353e+01 
  1.846465e+02  -7.594942e+01 
  1.865657e+02  -7.595653e+01 
  1.884848e+02  -7.602368e+01 
  1.904040e+02  -7.604021e+01 
  1.923232e+02  -7.607897e+01 
  1.942424e+02  -7.614194e+01 
  1.961616e+02  -7.614320e+01 
  1.980808e+02  -7.613354e+01 
  2.000000e+02  -7.623835e+01 