  2.800000e+02  -7.677482e+01 
  2.816161e+02  -7.677004e+01 
  2.832323e+02  -7.680856e+01 
  2.848485e+02  -7.681144e+01 
  2.864647e+02  -7.682012e+01 
  2.880808e+02  -7.679050e+01 
  2.896970e+02  -7.677445e+01 
  2.913131e+02  -7.679632e+01 
  2.929293e+02  -7.677286e+01 
  2.945454e+02  -7.677350e+01 
  2.961616e+02  -7.675582e+01 
  2.977778e+02  -7.673412e+01 
  2.993940e+02  -7.673949e+01 
  3.010101e+02  -7.669176e+01 
  3.026263e+02  -7.664948e+01 
  3.042424e+02  -7.662649e+01 
  3.058586e+02  -7.657730e+01 
  3.074748e+02  -7.651952e+01 
  3.090909e+02  -7.646088e+01 
  3.107071e+02  -7.637823e+01 
  3.123232e+02  -7.630441e+01 
  3.139394e+02  -7.612914e+01 
  3.155555e+02  -7.596861e+01 
  3.171717e+02  -7.573358e+01 
  3.187879e+02  -7.535733e+01 
  3.204041e+02  -7.499224e+01 
  3.220202e+02  -7.432870e+01 
  3.236364e+02  -7.332008e+01 
  3.252525e+02  -7.142488e+01 
  3.268687e+02  -6.696500e+01 
  3.284849e+02  -5.693167e+01 
  3.301010e+02  -7.758936e+01 
  3.317172e+02  -8.582945e+01 
  3.333333e+02  -8.093044e+01 
  3.349495e+02  -8.312856e+01 
  3.365656e+02  -8.306735e+01 
  3.381818e+02  -8.172434e+01 
  3.397980e+02  -8.149622e+01 
  3.414142e+02  -8.174562e+01 
  3.430303e+02  -8.190401e+01 
  3.446465e+02  -8.223026e+01 
  3.462626e+02  -8.346055e+01 
  3.478788e+02  -8.114074e+01 
  3.494950e+02  -6.479726e+01 
  3.511111e+02  -6.794016e+01 
  3.527273e+02  -7.617894e+01 
  3.543434e+02  -7.572002e+01 
  3.559596e+02  -7.622806e+01 
  3.575757e+02  -7.708543e+01 
  3.591919e+02  -7.730949e+01 
  3.608081e+02  -7.749313e+01 
  3.624243e+02  -7.761375e+01 
  3.640404e+02  -7.774908e+01 
  3.656566e+02  -7.785973e+01 
  3.672727e+02  -7.794082e+01 
  3.688889e+02  -7.796046e+01 
  3.705050e+02  -7.801546e+01 
  3.721212e+02  -7.800411e+01 
  3.737374e+02  -7.784395e+01 
  3.753535e+02  -7.755744e+01 
  3.769697e+02  -7.881421e+01 
  3.785858e+02  -7.871413e+01 
  3.802020e+02  -7.865430e+01 
  3.818182e+02  -7.872740e+01 
  3.834344e+02  -7.884655e+01 
  3.850505e+02  -7.897955e+01 
  3.866667e+02  -7.909962e+01 
  3.882828e+02  -7.933347e+01 
  3.898990e+02  -7.960790e+01 
  3.915151e+02  -8.006230e+01 
  3.931313e+02  -8.080660e+01 
  3.947475e+02  -8.223814e+01 
  3.963636e+02  -8.497725e+01 
  3.979798e+02  -7.071281e+01 
  3.995959e+02  -6.751566e+01 
  4.012121e+02  -7.319716e+01 
  4.028283e+02  -7.424942e+01 
  4.044445e+02  -7.514018e+01 
  4.060606e+02  -7.558824e+01 
  4.076768e+02  -7.565329e+01 
  4.092929e+02  -7.572095e+01 
  4.109091e+02  -7.558059e+01 
  4.125252e+02  -7.512964e+01 
  4.141414e+02  -7.401137e+01 
  4.157576e+02  -6.772790e+01 
  4.173737e+02  -7.902380e+01 
  4.189899e+02  -8.193529e+01 
  4.206060e+02  -7.922496e+01 
  4.222222e+02  -7.902148e+01 
  4.238384e+02  -7.869481e+01 
  4.254546e+02  -7.865913e+01 
  4.270707e+02  -7.856096e+01 
  4.286869e+02  -7.848802e+01 
  4.303030e+02  -7.845610e+01 
  4.319192e+02  -7.841074e+01 
  4.335353e+02  -7.839657e+01 
  4.351515e+02  -7.839018e+01 
  4.367677e+02  -7.840705e+01 
  4.383839e+02  -7.836951e+01 
  4.400000e+02  -7.839845e+01 
