  6.000000e+02  -7.924574e+01 
  6.015151e+02  -7.925357e+01 
  6.030303e+02  -7.922381e+01 
  6.045455e+02  -7.927473e+01 
  6.060606e+02  -7.929733e+01 
  6.075757e+02  -7.927618e+01 
  6.090909e+02  -7.932668e+01 
  6.106061e+02  -7.931374e+01 
  6.121212e+02  -7.934905e+01 
  6.136364e+02  -7.934069e+01 
  6.151515e+02  -7.938653e+01 
  6.166667e+02  -7.938835e+01 
  6.181818e+02  -7.942577e+01 
  6.196970e+02  -7.943671e+01 
  6.212121e+02  -7.949495e+01 
  6.227273e+02  -7.951128e+01 
  6.242424e+02  -7.956022e+01 
  6.257576e+02  -7.965671e+01 
  6.272727e+02  -7.973267e+01 
  6.287879e+02  -7.988020e+01 
  6.303030e+02  -8.010647e+01 
  6.318182e+02  -8.079636e+01 
  6.333333e+02  -8.102497e+01 
  6.348485e+02  -8.243043e+01 
  6.363636e+02  -7.806143e+01 
  6.378788e+02  -7.883047e+01 
  6.393939e+02  -7.931226e+01 
  6.409091e+02  -7.999407e+01 
  6.424243e+02  -8.409394e+01 
  6.439394e+02  -7.649799e+01 
  6.454545e+02  -7.761523e+01 
  6.469697e+02  -7.821368e+01 
  6.484849e+02  -7.836898e+01 
  6.500000e+02  -7.836658e+01 
  6.515151e+02  -7.865482e+01 
  6.530303e+02  -7.865411e+01 
  6.545455e+02  -7.872169e+01 
  6.560606e+02  -7.880633e+01 
  6.575757e+02  -7.891946e+01 
  6.590909e+02  -7.969495e+01 
  6.606061e+02  -7.834142e+01 
  6.621212e+02  -7.841503e+01 
  6.636364e+02  -7.846333e+01 
  6.651515e+02  -7.842900e+01 
  6.666667e+02  -7.838237e+01 
  6.681818e+02  -7.829642e+01 
  6.696970e+02  -7.819082e+01 
  6.712121e+02  -7.805159e+01 
  6.727273e+02  -7.783977e+01 
  6.742424e+02  -7.752822e+01 
  6.757576e+02  -7.707597e+01 
  6.772727e+02  -7.629162e+01 
  6.787879e+02  -7.466138e+01 
  6.803030e+02  -6.983408e+01 
  6.818182e+02  -7.133336e+01 
  6.833333e+02  -8.539413e+01 
  6.848485e+02  -8.391731e+01 
  6.863636e+02  -8.282053e+01 
  6.878788e+02  -8.203902e+01 
  6.893939e+02  -8.162659e+01 
  6.909091e+02  -8.136456e+01 
  6.924243e+02  -8.117799e+01 
  6.939394e+02  -8.103024e+01 
  6.954545e+02  -8.091691e+01 
  6.969697e+02  -8.082324e+01 
  6.984849e+02  -8.088239e+01 
  7.000000e+02  -8.098236e+01 
  7.015151e+02  -8.129610e+01 
  7.030303e+02  -8.346781e+01 
  7.045455e+02  -7.977744e+01 
  7.060606e+02  -7.999046e+01 
  7.075757e+02  -8.018418e+01 
  7.090909e+02  -8.025786e+01 
  7.106061e+02  -8.028899e+01 
  7.121212e+02  -8.030112e+01 
  7.136364e+02  -8.033897e+01 
  7.151515e+02  -8.038952e+01 
  7.166667e+02  -8.034297e+01 
  7.181818e+02  -8.034683e+01 
  7.196970e+02  -8.000419e+01 
  7.212121e+02  -8.091767e+01 
  7.227273e+02  -8.211133e+01 
  7.242424e+02  -8.195538e+01 
  7.257576e+02  -8.260467e+01 
  7.272727e+02  -8.450449e+01 
  7.287879e+02  -8.633886e+01 
  7.303030e+02  -7.427496e+01 
  7.318182e+02  -7.684052e+01 
  7.333333e+02  -7.815645e+01 
  7.348485e+02  -7.859957e+01 
  7.363636e+02  -7.891432e+01 
  7.378788e+02  -7.907444e+01 
  7.393939e+02  -7.920469e+01 
  7.409091e+02  -7.931750e+01 
  7.424243e+02  -7.938158e+01 
  7.439394e+02  -7.942692e+01 
  7.454545e+02  -7.951243e+01 
  7.469697e+02  -7.956200e+01 
  7.484849e+02  -7.959252e+01 
  7.500000e+02  -7.959237e+01 