  1.000000e+01  -8.438541e+01 
  1.191919e+01  -8.281237e+01 
  1.383838e+01  -8.165990e+01 
  1.575758e+01  -8.020985e+01 
  1.767677e+01  -7.942437e+01 
  1.959596e+01  -7.854676e+01 
  2.151515e+01  -7.758804e+01 
  2.343434e+01  -7.648279e+01 
  2.535353e+01  -7.543271e+01 
  2.727273e+01  -7.371909e+01 
  2.919192e+01  -6.872239e+01 
  3.111111e+01  -7.650957e+01 
  3.303030e+01  -8.377493e+01 
  3.494949e+01  -8.011379e+01 
  3.686869e+01  -7.688232e+01 
  3.878788e+01  -7.651367e+01 
  4.070707e+01  -7.590530e+01 
  4.262626e+01  -7.555421e+01 
  4.454546e+01  -7.523384e+01 
  4.646465e+01  -7.467821e+01 
  4.838384e+01  -7.439672e+01 
  5.030303e+01  -7.280537e+01 
  5.222222e+01  -7.364967e+01 
  5.414141e+01  -7.360241e+01 
  5.606061e+01  -7.360034e+01 
  5.797980e+01  -7.343048e+01 
  5.989899e+01  -7.337982e+01 
  6.181818e+01  -7.539534e+01 
  6.373737e+01  -7.164832e+01 
  6.565656e+01  -7.213413e+01 
  6.757576e+01  -7.234177e+01 
  6.949495e+01  -7.220640e+01 
  7.141414e+01  -7.212072e+01 
  7.333334e+01  -7.198844e+01 
  7.525253e+01  -7.189885e+01 
  7.717171e+01  -7.176031e+01 
  7.909091e+01  -7.159350e+01 
  8.101010e+01  -7.153884e+01 
  8.292929e+01  -7.139117e+01 
  8.484849e+01  -7.124495e+01 
  8.676768e+01  -7.105010e+01 
  8.868687e+01  -7.073424e+01 
  9.060606e+01  -7.000767e+01 
  9.252525e+01  -6.615526e+01 
  9.444444e+01  -7.279619e+01 
  9.636364e+01  -7.164677e+01 
  9.828283e+01  -7.183474e+01 
  1.002020e+02  -7.155724e+01 
  1.021212e+02  -7.126617e+01 
  1.040404e+02  -7.126855e+01 
  1.059596e+02  -7.125184e+01 
  1.078788e+02  -7.120750e+01 
  1.097980e+02  -7.115375e+01 
  1.117172e+02  -7.110880e+01 
  1.136364e+02  -7.109328e+01 
  1.155556e+02  -7.110860e+01 
  1.174747e+02  -7.121433e+01 
  1.193939e+02  -7.158524e+01 
  1.213131e+02  -6.934520e+01 
  1.232323e+02  -7.059687e+01 
  1.251515e+02  -7.039951e+01 
  1.270707e+02  -7.048372e+01 
  1.289899e+02  -7.055250e+01 
  1.309091e+02  -7.056118e+01 
  1.328283e+02  -7.056723e+01 
  1.347475e+02  -7.057224e+01 
  1.366667e+02  -7.050742e+01 
  1.385859e+02  -7.056129e+01 
  1.405051e+02  -7.056474e+01 
  1.424242e+02  -7.062688e+01 
  1.443434e+02  -7.070101e+01 
  1.462626e+02  -7.121720e+01 
  1.481818e+02  -7.012250e+01 
  1.501010e+02  -7.277634e+01 
  1.520202e+02  -7.046651e+01 
  1.539394e+02  -7.047645e+01 
  1.558586e+02  -7.043714e+01 
  1.577778e+02  -7.042712e+01 
  1.596970e+02  -7.052018e+01 
  1.616162e+02  -7.044311e+01 
  1.635354e+02  -7.057556e+01 
  1.654545e+02  -7.083709e+01 
  1.673737e+02  -7.044099e+01 
  1.692929e+02  -7.054449e+01 
  1.712121e+02  -7.089314e+01 
  1.731313e+02  -6.937302e+01 
  1.750505e+02  -7.023832e+01 
  1.769697e+02  -7.028806e+01 
  1.788889e+02  -7.029424e+01 
  1.808081e+02  -7.031855e+01 
  1.827273e+02  -7.033739e+01 
  1.846465e+02  -7.032919e+01 
  1.865657e+02  -7.033216e+01 
  1.884848e+02  -7.035063e+01 
  1.904040e+02  -7.035867e+01 
  1.923232e+02  -7.036368e+01 
  1.942424e+02  -7.034776e+01 
  1.961616e+02  -7.036951e+01 
  1.980808e+02  -7.037403e+01 
  2.000000e+02  -7.035723e+01 
