  2.800000e+02  -6.442864e+01 
  2.822222e+02  -6.446564e+01 
  2.844445e+02  -6.449047e+01 
  2.866667e+02  -6.449361e+01 
  2.888889e+02  -6.453271e+01 
  2.911111e+02  -6.459274e+01 
  2.933333e+02  -6.457136e+01 
  2.955555e+02  -6.459045e+01 
  2.977778e+02  -6.460449e+01 
  3.000000e+02  -6.466551e+01 
  3.022222e+02  -6.468383e+01 
  3.044445e+02  -6.468656e+01 
  3.066667e+02  -6.483334e+01 
  3.088889e+02  -6.483738e+01 
  3.111111e+02  -6.485756e+01 
  3.133333e+02  -6.493925e+01 
  3.155555e+02  -6.505028e+01 
  3.177778e+02  -6.516987e+01 
  3.200000e+02  -6.542738e+01 
  3.222222e+02  -6.589751e+01 
  3.244445e+02  -6.741186e+01 
  3.266667e+02  -5.910767e+01 
  3.288889e+02  -6.063060e+01 
  3.311111e+02  -6.462933e+01 
  3.333333e+02  -6.391896e+01 
  3.355555e+02  -6.408183e+01 
  3.377778e+02  -6.425975e+01 
  3.400000e+02  -6.417835e+01 
  3.422222e+02  -6.413304e+01 
  3.444445e+02  -6.480447e+01 
  3.466667e+02  -6.479793e+01 
  3.488889e+02  -6.467577e+01 
  3.511111e+02  -6.479737e+01 
  3.533333e+02  -6.477653e+01 
  3.555555e+02  -6.487506e+01 
  3.577778e+02  -6.493636e+01 
  3.600000e+02  -6.512473e+01 
  3.622222e+02  -6.560972e+01 
  3.644445e+02  -7.227428e+01 
  3.666667e+02  -6.310314e+01 
  3.688889e+02  -6.419981e+01 
  3.711111e+02  -6.426798e+01 
  3.733333e+02  -6.438627e+01 
  3.755555e+02  -6.443864e+01 
  3.777778e+02  -6.444978e+01 
  3.800000e+02  -6.444834e+01 
  3.822222e+02  -6.437792e+01 
  3.844445e+02  -6.415515e+01 
  3.866667e+02  -6.181599e+01 
  3.888889e+02  -6.590988e+01 
  3.911111e+02  -6.513184e+01 
  3.933333e+02  -6.512007e+01 
  3.955555e+02  -6.499568e+01 
  3.977778e+02  -6.499986e+01 
  4.000000e+02  -6.503297e+01 
  4.022222e+02  -6.507713e+01 
  4.044445e+02  -6.536909e+01 
  4.066667e+02  -6.433736e+01 
  4.088889e+02  -6.461791e+01 
  4.111111e+02  -6.465104e+01 
  4.133333e+02  -6.455647e+01 
  4.155555e+02  -6.425846e+01 
  4.177778e+02  -6.145589e+01 
  4.200000e+02  -6.659808e+01 
  4.222222e+02  -6.556052e+01 
  4.244445e+02  -6.539117e+01 
  4.266667e+02  -6.540359e+01 
  4.288889e+02  -6.531609e+01 
  4.311111e+02  -6.529652e+01 
  4.333333e+02  -6.529292e+01 
  4.355555e+02  -6.528777e+01 
  4.377778e+02  -6.529101e+01 
  4.400000e+02  -6.530383e+01 
  4.422222e+02  -6.530338e+01 
  4.444445e+02  -6.531532e+01 
  4.466667e+02  -6.532253e+01 
  4.488889e+02  -6.531218e+01 
  4.511111e+02  -6.534618e+01 
  4.533333e+02  -6.532052e+01 
  4.555555e+02  -6.533745e+01 
  4.577778e+02  -6.535027e+01 
  4.600000e+02  -6.536423e+01 
  4.622222e+02  -6.536692e+01 
  4.644445e+02  -6.536603e+01 
  4.666667e+02  -6.537952e+01 
  4.688889e+02  -6.539835e+01 
  4.711111e+02  -6.540392e+01 
  4.733333e+02  -6.541523e+01 
  4.755555e+02  -6.542780e+01 
  4.777778e+02  -6.542831e+01 
  4.800000e+02  -6.545428e+01 
  4.822222e+02  -6.546013e+01 
  4.844445e+02  -6.547302e+01 
  4.866667e+02  -6.547143e+01 
  4.888889e+02  -6.547718e+01 
  4.911111e+02  -6.549210e+01 
  4.933333e+02  -6.549568e+01 
  4.955555e+02  -6.549980e+01 
  4.977778e+02  -6.551751e+01 
  5.000000e+02  -6.554058e+01 
