  6.000000e+02  -7.204861e+01 
  6.015151e+02  -7.206048e+01 
  6.030303e+02  -7.206190e+01 
  6.045455e+02  -7.205605e+01 
  6.060606e+02  -7.205544e+01 
  6.075757e+02  -7.206885e+01 
  6.090909e+02  -7.205495e+01 
  6.106061e+02  -7.205608e+01 
  6.121212e+02  -7.205022e+01 
  6.136364e+02  -7.205007e+01 
  6.151515e+02  -7.204512e+01 
  6.166667e+02  -7.203786e+01 
  6.181818e+02  -7.202440e+01 
  6.196970e+02  -7.202324e+01 
  6.212121e+02  -7.201119e+01 
  6.227273e+02  -7.199510e+01 
  6.242424e+02  -7.196919e+01 
  6.257576e+02  -7.190600e+01 
  6.272727e+02  -7.197800e+01 
  6.287879e+02  -7.201090e+01 
  6.303030e+02  -7.196921e+01 
  6.318182e+02  -7.189379e+01 
  6.333333e+02  -7.188721e+01 
  6.348485e+02  -7.182755e+01 
  6.363636e+02  -7.172854e+01 
  6.378788e+02  -7.157023e+01 
  6.393939e+02  -7.112281e+01 
  6.409091e+02  -6.918791e+01 
  6.424243e+02  -7.318863e+01 
  6.439394e+02  -7.260799e+01 
  6.454545e+02  -7.232240e+01 
  6.469697e+02  -7.202309e+01 
  6.484849e+02  -7.177629e+01 
  6.500000e+02  -7.143906e+01 
  6.515151e+02  -7.045616e+01 
  6.530303e+02  -6.655915e+01 
  6.545455e+02  -7.417432e+01 
  6.560606e+02  -7.461024e+01 
  6.575757e+02  -7.359982e+01 
  6.590909e+02  -7.331521e+01 
  6.606061e+02  -7.315706e+01 
  6.621212e+02  -7.305572e+01 
  6.636364e+02  -7.299449e+01 
  6.651515e+02  -7.297948e+01 
  6.666667e+02  -7.300465e+01 
  6.681818e+02  -7.307422e+01 
  6.696970e+02  -7.338826e+01 
  6.712121e+02  -7.415097e+01 
  6.727273e+02  -7.170375e+01 
  6.742424e+02  -7.233215e+01 
  6.757576e+02  -7.240070e+01 
  6.772727e+02  -7.241440e+01 
  6.787879e+02  -7.243281e+01 
  6.803030e+02  -7.243330e+01 
  6.818182e+02  -7.240726e+01 
  6.833333e+02  -7.238166e+01 
  6.848485e+02  -7.232842e+01 
  6.863636e+02  -7.222739e+01 
  6.878788e+02  -7.203854e+01 
  6.893939e+02  -7.150352e+01 
  6.909091e+02  -6.930853e+01 
  6.924243e+02  -7.414783e+01 
  6.939394e+02  -7.379126e+01 
  6.954545e+02  -7.340305e+01 
  6.969697e+02  -7.325860e+01 
  6.984849e+02  -7.322004e+01 
  7.000000e+02  -7.320818e+01 
  7.015151e+02  -7.324908e+01 
  7.030303e+02  -7.332075e+01 
  7.045455e+02  -7.343485e+01 
  7.060606e+02  -7.367694e+01 
  7.075757e+02  -7.432960e+01 
  7.090909e+02  -7.820792e+01 
  7.106061e+02  -7.022993e+01 
  7.121212e+02  -7.139597e+01 
  7.136364e+02  -7.199899e+01 
  7.151515e+02  -7.221078e+01 
  7.166667e+02  -7.234324e+01 
  7.181818e+02  -7.245695e+01 
  7.196970e+02  -7.250840e+01 
  7.212121e+02  -7.256878e+01 
  7.227273e+02  -7.252872e+01 
  7.242424e+02  -7.239092e+01 
  7.257576e+02  -7.341665e+01 
  7.272727e+02  -7.358210e+01 
  7.287879e+02  -7.504659e+01 
  7.303030e+02  -7.101003e+01 
  7.318182e+02  -7.107454e+01 
  7.333333e+02  -7.182624e+01 
  7.348485e+02  -7.209039e+01 
  7.363636e+02  -7.220737e+01 
  7.378788e+02  -7.226456e+01 
  7.393939e+02  -7.232286e+01 
  7.409091e+02  -7.235965e+01 
  7.424243e+02  -7.240142e+01 
  7.439394e+02  -7.242836e+01 
  7.454545e+02  -7.244524e+01 
  7.469697e+02  -7.246264e+01 
  7.484849e+02  -7.248727e+01 
  7.500000e+02  -7.251130e+01 
