1.000E+2	3.529E-1	2.124E-4	6.019E-4	8.752E+1
2.000E+2	3.460E-1	4.161E-4	1.202E-3	8.607E+1
3.000E+2	3.356E-1	6.035E-4	1.798E-3	8.441E+1
4.000E+2	3.226E-1	7.705E-4	2.388E-3	8.271E+1
5.000E+2	3.081E-1	9.155E-4	2.972E-3	8.101E+1
6.000E+2	2.931E-1	1.039E-3	3.546E-3	7.932E+1
7.000E+2	2.783E-1	1.144E-3	4.111E-3	7.764E+1
8.000E+2	2.639E-1	1.231E-3	4.666E-3	7.598E+1
9.000E+2	2.505E-1	1.305E-3	5.208E-3	7.434E+1
1.000E+3	2.381E-1	1.366E-3	5.737E-3	7.273E+1
1.100E+3	2.266E-1	1.417E-3	6.253E-3	7.115E+1
1.200E+3	2.162E-1	1.460E-3	6.755E-3	6.959E+1
1.300E+3	2.067E-1	1.497E-3	7.241E-3	6.807E+1
1.400E+3	1.981E-1	1.528E-3	7.712E-3	6.658E+1
1.500E+3	1.903E-1	1.554E-3	8.168E-3	6.512E+1
1.600E+3	1.832E-1	1.577E-3	8.608E-3	6.370E+1
1.700E+3	1.768E-1	1.597E-3	9.032E-3	6.231E+1
1.800E+3	1.709E-1	1.614E-3	9.440E-3	6.095E+1
1.900E+3	1.656E-1	1.629E-3	9.833E-3	5.963E+1
2.000E+3	1.608E-1	1.642E-3	1.021E-2	5.835E+1
2.100E+3	1.564E-1	1.653E-3	1.057E-2	5.710E+1
2.200E+3	1.523E-1	1.663E-3	1.092E-2	5.588E+1
2.300E+3	1.486E-1	1.672E-3	1.125E-2	5.470E+1
2.400E+3	1.452E-1	1.680E-3	1.157E-2	5.355E+1
2.500E+3	1.421E-1	1.687E-3	1.188E-2	5.244E+1
2.600E+3	1.392E-1	1.694E-3	1.217E-2	5.136E+1
2.700E+3	1.365E-1	1.700E-3	1.245E-2	5.031E+1
2.800E+3	1.341E-1	1.705E-3	1.272E-2	4.929E+1
2.900E+3	1.318E-1	1.710E-3	1.297E-2	4.830E+1
3.000E+3	1.297E-1	1.714E-3	1.321E-2	4.734E+1
3.100E+3	1.278E-1	1.718E-3	1.345E-2	4.641E+1
3.200E+3	1.259E-1	1.721E-3	1.367E-2	4.551E+1
3.300E+3	1.242E-1	1.725E-3	1.388E-2	4.463E+1
3.400E+3	1.227E-1	1.728E-3	1.409E-2	4.379E+1
3.500E+3	1.212E-1	1.731E-3	1.428E-2	4.296E+1
3.600E+3	1.198E-1	1.733E-3	1.447E-2	4.217E+1
3.700E+3	1.185E-1	1.736E-3	1.464E-2	4.139E+1
3.800E+3	1.173E-1	1.738E-3	1.481E-2	4.064E+1
3.900E+3	1.162E-1	1.740E-3	1.498E-2	3.991E+1
4.000E+3	1.152E-1	1.742E-3	1.513E-2	3.921E+1
4.100E+3	1.141E-1	1.744E-3	1.528E-2	3.852E+1
4.200E+3	1.132E-1	1.746E-3	1.542E-2	3.785E+1
4.300E+3	1.123E-1	1.747E-3	1.556E-2	3.721E+1
4.400E+3	1.115E-1	1.749E-3	1.568E-2	3.658E+1
4.500E+3	1.107E-1	1.750E-3	1.581E-2	3.597E+1
4.600E+3	1.100E-1	1.752E-3	1.593E-2	3.538E+1
4.700E+3	1.093E-1	1.753E-3	1.604E-2	3.480E+1
4.800E+3	1.086E-1	1.754E-3	1.615E-2	3.424E+1
4.900E+3	1.080E-1	1.755E-3	1.626E-2	3.370E+1
5.000E+3	1.074E-1	1.756E-3	1.636E-2	3.317E+1
5.100E+3	1.068E-1	1.757E-3	1.645E-2	3.266E+1
5.200E+3	1.063E-1	1.758E-3	1.655E-2	3.216E+1
5.300E+3	1.057E-1	1.759E-3	1.663E-2	3.167E+1
5.400E+3	1.053E-1	1.760E-3	1.672E-2	3.120E+1
5.500E+3	1.048E-1	1.761E-3	1.680E-2	3.074E+1
5.600E+3	1.044E-1	1.762E-3	1.688E-2	3.029E+1
5.700E+3	1.039E-1	1.762E-3	1.696E-2	2.985E+1
5.800E+3	1.035E-1	1.763E-3	1.703E-2	2.943E+1
5.900E+3	1.031E-1	1.764E-3	1.710E-2	2.901E+1
6.000E+3	1.028E-1	1.764E-3	1.716E-2	2.861E+1
6.100E+3	1.024E-1	1.765E-3	1.723E-2	2.821E+1
6.200E+3	1.021E-1	1.766E-3	1.729E-2	2.783E+1
6.300E+3	1.018E-1	1.766E-3	1.735E-2	2.746E+1
6.400E+3	1.015E-1	1.767E-3	1.741E-2	2.709E+1
6.500E+3	1.012E-1	1.767E-3	1.747E-2	2.673E+1
6.600E+3	1.009E-1	1.768E-3	1.752E-2	2.639E+1
6.700E+3	1.006E-1	1.768E-3	1.757E-2	2.605E+1
6.800E+3	1.003E-1	1.768E-3	1.762E-2	2.572E+1
6.900E+3	1.001E-1	1.769E-3	1.767E-2	2.540E+1
7.000E+3	9.987E-2	1.769E-3	1.772E-2	2.508E+1
7.100E+3	9.966E-2	1.770E-3	1.776E-2	2.477E+1
7.200E+3	9.943E-2	1.770E-3	1.781E-2	2.447E+1
7.300E+3	9.922E-2	1.771E-3	1.785E-2	2.417E+1
7.400E+3	9.902E-2	1.771E-3	1.789E-2	2.389E+1
7.500E+3	9.882E-2	1.772E-3	1.793E-2	2.360E+1
7.600E+3	9.863E-2	1.772E-3	1.797E-2	2.333E+1
7.700E+3	9.845E-2	1.772E-3	1.800E-2	2.306E+1
7.800E+3	9.827E-2	1.773E-3	1.804E-2	2.280E+1
7.900E+3	9.811E-2	1.773E-3	1.807E-2	2.254E+1
8.000E+3	9.795E-2	1.774E-3	1.811E-2	2.228E+1
8.100E+3	9.779E-2	1.774E-3	1.814E-2	2.204E+1
8.200E+3	9.764E-2	1.774E-3	1.817E-2	2.180E+1
8.300E+3	9.749E-2	1.774E-3	1.820E-2	2.156E+1
8.400E+3	9.736E-2	1.775E-3	1.823E-2	2.133E+1
8.500E+3	9.722E-2	1.775E-3	1.826E-2	2.110E+1
8.600E+3	9.709E-2	1.775E-3	1.829E-2	2.088E+1
8.700E+3	9.695E-2	1.775E-3	1.831E-2	2.066E+1
8.800E+3	9.683E-2	1.776E-3	1.834E-2	2.044E+1
8.900E+3	9.670E-2	1.776E-3	1.836E-2	2.024E+1
9.000E+3	9.659E-2	1.776E-3	1.839E-2	2.003E+1
9.100E+3	9.648E-2	1.776E-3	1.841E-2	1.983E+1
9.200E+3	9.638E-2	1.777E-3	1.844E-2	1.963E+1
9.300E+3	9.627E-2	1.777E-3	1.846E-2	1.943E+1
9.400E+3	9.618E-2	1.777E-3	1.848E-2	1.924E+1
9.500E+3	9.607E-2	1.778E-3	1.850E-2	1.906E+1
9.600E+3	9.598E-2	1.778E-3	1.852E-2	1.888E+1
9.700E+3	9.588E-2	1.778E-3	1.854E-2	1.869E+1
9.800E+3	9.580E-2	1.778E-3	1.856E-2	1.852E+1
9.900E+3	9.572E-2	1.779E-3	1.858E-2	1.834E+1
1.000E+4	9.562E-2	1.779E-3	1.860E-2	1.817E+1
1.010E+4	9.554E-2	1.779E-3	1.862E-2	1.801E+1
