1.000E+2	3.529E-1	2.129E-4	6.033E-4	8.753E+1
2.000E+2	3.447E-1	4.201E-4	1.218E-3	8.501E+1
3.000E+2	3.318E-1	6.157E-4	1.855E-3	8.239E+1
4.000E+2	3.149E-1	7.960E-4	2.528E-3	7.962E+1
5.000E+2	2.947E-1	9.580E-4	3.251E-3	7.661E+1
6.000E+2	2.724E-1	1.100E-3	4.039E-3	7.327E+1
7.000E+2	2.489E-1	1.222E-3	4.910E-3	6.951E+1
8.000E+2	2.252E-1	1.324E-3	5.881E-3	6.519E+1
9.000E+2	2.020E-1	1.408E-3	6.969E-3	6.016E+1
1.000E+3	1.803E-1	1.474E-3	8.177E-3	5.425E+1
1.100E+3	1.607E-1	1.525E-3	9.491E-3	4.725E+1
1.200E+3	1.440E-1	1.563E-3	1.085E-2	3.903E+1
1.300E+3	1.309E-1	1.589E-3	1.214E-2	2.954E+1
1.400E+3	1.218E-1	1.605E-3	1.317E-2	1.903E+1
1.500E+3	1.170E-1	1.613E-3	1.378E-2	8.003E+0
1.600E+3	1.162E-1	1.614E-3	1.388E-2	-2.826E+0
1.700E+3	1.189E-1	1.609E-3	1.354E-2	-1.281E+1
1.800E+3	1.240E-1	1.599E-3	1.289E-2	-2.157E+1
1.900E+3	1.310E-1	1.586E-3	1.210E-2	-2.902E+1
2.000E+3	1.390E-1	1.569E-3	1.128E-2	-3.526E+1
2.100E+3	1.476E-1	1.550E-3	1.050E-2	-4.046E+1
2.200E+3	1.564E-1	1.529E-3	9.776E-3	-4.481E+1
2.300E+3	1.652E-1	1.508E-3	9.123E-3	-4.846E+1
2.400E+3	1.738E-1	1.484E-3	8.539E-3	-5.157E+1
2.500E+3	1.822E-1	1.461E-3	8.019E-3	-5.422E+1
2.600E+3	1.901E-1	1.436E-3	7.556E-3	-5.651E+1
2.700E+3	1.977E-1	1.412E-3	7.141E-3	-5.851E+1
2.800E+3	2.050E-1	1.388E-3	6.770E-3	-6.026E+1
2.900E+3	2.118E-1	1.363E-3	6.436E-3	-6.181E+1
3.000E+3	2.183E-1	1.339E-3	6.135E-3	-6.320E+1
3.100E+3	2.244E-1	1.315E-3	5.861E-3	-6.443E+1
3.200E+3	2.301E-1	1.292E-3	5.612E-3	-6.555E+1
3.300E+3	2.356E-1	1.268E-3	5.384E-3	-6.656E+1
3.400E+3	2.407E-1	1.246E-3	5.175E-3	-6.749E+1
3.500E+3	2.456E-1	1.223E-3	4.982E-3	-6.833E+1
3.600E+3	2.501E-1	1.202E-3	4.804E-3	-6.910E+1
3.700E+3	2.544E-1	1.180E-3	4.639E-3	-6.982E+1
3.800E+3	2.585E-1	1.159E-3	4.486E-3	-7.048E+1
3.900E+3	2.623E-1	1.139E-3	4.343E-3	-7.109E+1
4.000E+3	2.660E-1	1.120E-3	4.210E-3	-7.166E+1
4.100E+3	2.694E-1	1.100E-3	4.085E-3	-7.219E+1
4.200E+3	2.726E-1	1.082E-3	3.968E-3	-7.269E+1
4.300E+3	2.757E-1	1.063E-3	3.857E-3	-7.316E+1
4.400E+3	2.786E-1	1.046E-3	3.753E-3	-7.359E+1
4.500E+3	2.814E-1	1.028E-3	3.655E-3	-7.401E+1
4.600E+3	2.840E-1	1.012E-3	3.562E-3	-7.440E+1
4.700E+3	2.864E-1	9.951E-4	3.474E-3	-7.477E+1
4.800E+3	2.888E-1	9.793E-4	3.391E-3	-7.512E+1
4.900E+3	2.910E-1	9.638E-4	3.312E-3	-7.545E+1
5.000E+3	2.932E-1	9.488E-4	3.236E-3	-7.576E+1
5.100E+3	2.952E-1	9.340E-4	3.164E-3	-7.606E+1
5.200E+3	2.972E-1	9.198E-4	3.095E-3	-7.635E+1
5.300E+3	2.990E-1	9.059E-4	3.030E-3	-7.662E+1
5.400E+3	3.008E-1	8.924E-4	2.967E-3	-7.688E+1
5.500E+3	3.024E-1	8.792E-4	2.907E-3	-7.713E+1
5.600E+3	3.041E-1	8.665E-4	2.850E-3	-7.737E+1
5.700E+3	3.056E-1	8.539E-4	2.795E-3	-7.759E+1
5.800E+3	3.071E-1	8.418E-4	2.742E-3	-7.781E+1
5.900E+3	3.084E-1	8.299E-4	2.691E-3	-7.802E+1
6.000E+3	3.098E-1	8.184E-4	2.642E-3	-7.823E+1
6.100E+3	3.111E-1	8.073E-4	2.595E-3	-7.842E+1
6.200E+3	3.123E-1	7.963E-4	2.549E-3	-7.861E+1
6.300E+3	3.135E-1	7.856E-4	2.506E-3	-7.879E+1
6.400E+3	3.147E-1	7.752E-4	2.464E-3	-7.896E+1
6.500E+3	3.158E-1	7.651E-4	2.423E-3	-7.913E+1
6.600E+3	3.167E-1	7.550E-4	2.384E-3	-7.929E+1
6.700E+3	3.177E-1	7.452E-4	2.345E-3	-7.945E+1
6.800E+3	3.186E-1	7.356E-4	2.309E-3	-7.960E+1
6.900E+3	3.196E-1	7.265E-4	2.273E-3	-7.975E+1
7.000E+3	3.205E-1	7.176E-4	2.239E-3	-7.989E+1
7.100E+3	3.214E-1	7.088E-4	2.205E-3	-8.003E+1
7.200E+3	3.222E-1	7.002E-4	2.173E-3	-8.016E+1
7.300E+3	3.231E-1	6.919E-4	2.141E-3	-8.029E+1
7.400E+3	3.238E-1	6.836E-4	2.111E-3	-8.042E+1
7.500E+3	3.246E-1	6.756E-4	2.081E-3	-8.054E+1
7.600E+3	3.253E-1	6.678E-4	2.053E-3	-8.066E+1
7.700E+3	3.260E-1	6.601E-4	2.025E-3	-8.077E+1
7.800E+3	3.267E-1	6.526E-4	1.998E-3	-8.089E+1
7.900E+3	3.273E-1	6.452E-4	1.971E-3	-8.099E+1
8.000E+3	3.280E-1	6.381E-4	1.945E-3	-8.110E+1
8.100E+3	3.286E-1	6.311E-4	1.920E-3	-8.120E+1
8.200E+3	3.292E-1	6.242E-4	1.896E-3	-8.130E+1
8.300E+3	3.298E-1	6.174E-4	1.872E-3	-8.140E+1
8.400E+3	3.304E-1	6.109E-4	1.849E-3	-8.150E+1
8.500E+3	3.308E-1	6.043E-4	1.827E-3	-8.159E+1
8.600E+3	3.314E-1	5.980E-4	1.805E-3	-8.168E+1
8.700E+3	3.319E-1	5.917E-4	1.783E-3	-8.177E+1
8.800E+3	3.324E-1	5.857E-4	1.762E-3	-8.186E+1
8.900E+3	3.328E-1	5.797E-4	1.742E-3	-8.194E+1
9.000E+3	3.333E-1	5.739E-4	1.722E-3	-8.202E+1
9.100E+3	3.337E-1	5.681E-4	1.702E-3	-8.211E+1
9.200E+3	3.342E-1	5.626E-4	1.683E-3	-8.219E+1
9.300E+3	3.346E-1	5.570E-4	1.665E-3	-8.226E+1
9.400E+3	3.351E-1	5.517E-4	1.646E-3	-8.234E+1
9.500E+3	3.354E-1	5.463E-4	1.629E-3	-8.241E+1
9.600E+3	3.358E-1	5.411E-4	1.611E-3	-8.248E+1
9.700E+3	3.362E-1	5.360E-4	1.594E-3	-8.255E+1
9.800E+3	3.366E-1	5.310E-4	1.578E-3	-8.262E+1
9.900E+3	3.370E-1	5.261E-4	1.561E-3	-8.269E+1
1.000E+4	3.373E-1	5.213E-4	1.545E-3	-8.276E+1
1.010E+4	3.376E-1	5.165E-4	1.530E-3	-8.282E+1
