1.000E+2	3.537E-1	2.130E-4	6.022E-4	8.904E+1
2.000E+2	3.495E-1	4.210E-4	1.205E-3	8.945E+1
3.000E+2	3.429E-1	6.192E-4	1.806E-3	8.957E+1
4.000E+2	3.343E-1	8.044E-4	2.406E-3	8.962E+1
5.000E+2	3.240E-1	9.742E-4	3.007E-3	8.965E+1
6.000E+2	3.128E-1	1.128E-3	3.607E-3	8.966E+1
7.000E+2	3.009E-1	1.266E-3	4.207E-3	8.966E+1
8.000E+2	2.887E-1	1.387E-3	4.806E-3	8.966E+1
9.000E+2	2.765E-1	1.495E-3	5.406E-3	8.966E+1
1.000E+3	2.647E-1	1.589E-3	6.005E-3	8.966E+1
1.100E+3	2.531E-1	1.672E-3	6.604E-3	8.965E+1
1.200E+3	2.421E-1	1.744E-3	7.203E-3	8.964E+1
1.300E+3	2.316E-1	1.807E-3	7.802E-3	8.964E+1
1.400E+3	2.217E-1	1.862E-3	8.400E-3	8.963E+1
1.500E+3	2.124E-1	1.911E-3	8.998E-3	8.963E+1
1.600E+3	2.036E-1	1.954E-3	9.597E-3	8.962E+1
1.700E+3	1.954E-1	1.992E-3	1.019E-2	8.961E+1
1.800E+3	1.876E-1	2.025E-3	1.079E-2	8.960E+1
1.900E+3	1.804E-1	2.055E-3	1.139E-2	8.959E+1
2.000E+3	1.736E-1	2.081E-3	1.199E-2	8.959E+1
2.100E+3	1.672E-1	2.105E-3	1.259E-2	8.958E+1
2.200E+3	1.612E-1	2.126E-3	1.318E-2	8.957E+1
2.300E+3	1.556E-1	2.145E-3	1.378E-2	8.957E+1
2.400E+3	1.503E-1	2.162E-3	1.438E-2	8.956E+1
2.500E+3	1.454E-1	2.177E-3	1.497E-2	8.955E+1
2.600E+3	1.407E-1	2.191E-3	1.557E-2	8.954E+1
2.700E+3	1.363E-1	2.204E-3	1.617E-2	8.954E+1
2.800E+3	1.321E-1	2.215E-3	1.677E-2	8.953E+1
2.900E+3	1.282E-1	2.226E-3	1.736E-2	8.952E+1
3.000E+3	1.245E-1	2.235E-3	1.796E-2	8.951E+1
3.100E+3	1.210E-1	2.244E-3	1.855E-2	8.951E+1
3.200E+3	1.176E-1	2.252E-3	1.915E-2	8.950E+1
3.300E+3	1.144E-1	2.260E-3	1.975E-2	8.949E+1
3.400E+3	1.114E-1	2.267E-3	2.034E-2	8.948E+1
3.500E+3	1.086E-1	2.273E-3	2.094E-2	8.948E+1
3.600E+3	1.058E-1	2.279E-3	2.154E-2	8.947E+1
3.700E+3	1.032E-1	2.285E-3	2.213E-2	8.946E+1
3.800E+3	1.007E-1	2.290E-3	2.273E-2	8.945E+1
3.900E+3	9.839E-2	2.295E-3	2.332E-2	8.945E+1
4.000E+3	9.613E-2	2.299E-3	2.392E-2	8.944E+1
4.100E+3	9.396E-2	2.303E-3	2.451E-2	8.943E+1
4.200E+3	9.189E-2	2.307E-3	2.511E-2	8.943E+1
4.300E+3	8.990E-2	2.311E-3	2.571E-2	8.942E+1
4.400E+3	8.800E-2	2.315E-3	2.630E-2	8.941E+1
4.500E+3	8.617E-2	2.318E-3	2.690E-2	8.941E+1
4.600E+3	8.442E-2	2.321E-3	2.749E-2	8.940E+1
4.700E+3	8.272E-2	2.323E-3	2.809E-2	8.939E+1
4.800E+3	8.111E-2	2.326E-3	2.868E-2	8.939E+1
4.900E+3	7.954E-2	2.329E-3	2.928E-2	8.938E+1
5.000E+3	7.804E-2	2.331E-3	2.987E-2	8.938E+1
5.100E+3	7.659E-2	2.334E-3	3.047E-2	8.937E+1
5.200E+3	7.520E-2	2.336E-3	3.106E-2	8.936E+1
5.300E+3	7.385E-2	2.338E-3	3.166E-2	8.935E+1
5.400E+3	7.255E-2	2.340E-3	3.225E-2	8.935E+1
5.500E+3	7.129E-2	2.342E-3	3.285E-2	8.934E+1
5.600E+3	7.008E-2	2.344E-3	3.344E-2	8.933E+1
5.700E+3	6.890E-2	2.345E-3	3.403E-2	8.933E+1
5.800E+3	6.777E-2	2.347E-3	3.463E-2	8.932E+1
5.900E+3	6.667E-2	2.348E-3	3.522E-2	8.932E+1
6.000E+3	6.561E-2	2.350E-3	3.582E-2	8.931E+1
6.100E+3	6.458E-2	2.352E-3	3.641E-2	8.930E+1
6.200E+3	6.358E-2	2.353E-3	3.701E-2	8.930E+1
6.300E+3	6.261E-2	2.354E-3	3.760E-2	8.929E+1
6.400E+3	6.167E-2	2.355E-3	3.820E-2	8.928E+1
6.500E+3	6.076E-2	2.357E-3	3.879E-2	8.928E+1
6.600E+3	5.986E-2	2.358E-3	3.938E-2	8.927E+1
6.700E+3	5.900E-2	2.359E-3	3.998E-2	8.927E+1
6.800E+3	5.815E-2	2.359E-3	4.057E-2	8.926E+1
6.900E+3	5.734E-2	2.360E-3	4.117E-2	8.925E+1
7.000E+3	5.655E-2	2.362E-3	4.176E-2	8.925E+1
7.100E+3	5.579E-2	2.363E-3	4.236E-2	8.924E+1
7.200E+3	5.504E-2	2.364E-3	4.295E-2	8.924E+1
7.300E+3	5.431E-2	2.365E-3	4.354E-2	8.923E+1
7.400E+3	5.360E-2	2.365E-3	4.413E-2	8.922E+1
7.500E+3	5.291E-2	2.366E-3	4.473E-2	8.922E+1
7.600E+3	5.223E-2	2.367E-3	4.532E-2	8.921E+1
7.700E+3	5.157E-2	2.368E-3	4.592E-2	8.921E+1
7.800E+3	5.093E-2	2.369E-3	4.651E-2	8.920E+1
7.900E+3	5.031E-2	2.370E-3	4.710E-2	8.920E+1
8.000E+3	4.970E-2	2.370E-3	4.770E-2	8.919E+1
8.100E+3	4.910E-2	2.371E-3	4.829E-2	8.918E+1
8.200E+3	4.852E-2	2.372E-3	4.888E-2	8.918E+1
8.300E+3	4.794E-2	2.372E-3	4.948E-2	8.917E+1
8.400E+3	4.740E-2	2.373E-3	5.007E-2	8.917E+1
8.500E+3	4.685E-2	2.374E-3	5.066E-2	8.916E+1
8.600E+3	4.632E-2	2.374E-3	5.126E-2	8.915E+1
8.700E+3	4.580E-2	2.375E-3	5.185E-2	8.915E+1
8.800E+3	4.529E-2	2.375E-3	5.244E-2	8.915E+1
8.900E+3	4.479E-2	2.376E-3	5.304E-2	8.914E+1
9.000E+3	4.431E-2	2.376E-3	5.363E-2	8.913E+1
9.100E+3	4.383E-2	2.377E-3	5.423E-2	8.912E+1
9.200E+3	4.337E-2	2.378E-3	5.482E-2	8.912E+1
9.300E+3	4.291E-2	2.378E-3	5.541E-2	8.912E+1
9.400E+3	4.247E-2	2.379E-3	5.600E-2	8.911E+1
9.500E+3	4.203E-2	2.379E-3	5.660E-2	8.910E+1
9.600E+3	4.161E-2	2.380E-3	5.719E-2	8.910E+1
9.700E+3	4.118E-2	2.380E-3	5.778E-2	8.909E+1
9.800E+3	4.078E-2	2.380E-3	5.838E-2	8.909E+1
9.900E+3	4.038E-2	2.381E-3	5.897E-2	8.908E+1
1.000E+4	3.999E-2	2.381E-3	5.955E-2	8.908E+1
1.010E+4	3.959E-2	2.382E-3	6.015E-2	8.907E+1
