1.000E+2	4.348E-2	2.118E-3	4.871E-2	-1.930E+1
2.000E+2	5.003E-2	2.112E-3	4.221E-2	-3.493E+1
3.000E+2	5.923E-2	2.103E-3	3.551E-2	-4.624E+1
4.000E+2	6.988E-2	2.091E-3	2.992E-2	-5.422E+1
5.000E+2	8.124E-2	2.076E-3	2.555E-2	-5.995E+1
6.000E+2	9.290E-2	2.057E-3	2.215E-2	-6.417E+1
7.000E+2	1.046E-1	2.037E-3	1.947E-2	-6.738E+1
8.000E+2	1.161E-1	2.013E-3	1.734E-2	-6.988E+1
9.000E+2	1.274E-1	1.988E-3	1.561E-2	-7.189E+1
1.000E+3	1.383E-1	1.961E-3	1.418E-2	-7.352E+1
1.100E+3	1.488E-1	1.932E-3	1.298E-2	-7.488E+1
1.200E+3	1.589E-1	1.902E-3	1.196E-2	-7.601E+1
1.300E+3	1.686E-1	1.870E-3	1.109E-2	-7.698E+1
1.400E+3	1.778E-1	1.839E-3	1.034E-2	-7.782E+1
1.500E+3	1.866E-1	1.806E-3	9.679E-3	-7.855E+1
1.600E+3	1.949E-1	1.774E-3	9.098E-3	-7.919E+1
1.700E+3	2.028E-1	1.741E-3	8.582E-3	-7.975E+1
1.800E+3	2.103E-1	1.708E-3	8.121E-3	-8.025E+1
1.900E+3	2.174E-1	1.675E-3	7.707E-3	-8.071E+1
2.000E+3	2.240E-1	1.643E-3	7.333E-3	-8.111E+1
2.100E+3	2.303E-1	1.610E-3	6.994E-3	-8.148E+1
2.200E+3	2.362E-1	1.579E-3	6.684E-3	-8.181E+1
2.300E+3	2.417E-1	1.547E-3	6.401E-3	-8.212E+1
2.400E+3	2.470E-1	1.517E-3	6.141E-3	-8.239E+1
2.500E+3	2.519E-1	1.487E-3	5.901E-3	-8.265E+1
2.600E+3	2.566E-1	1.457E-3	5.680E-3	-8.289E+1
2.700E+3	2.610E-1	1.429E-3	5.474E-3	-8.311E+1
2.800E+3	2.651E-1	1.400E-3	5.283E-3	-8.331E+1
2.900E+3	2.690E-1	1.373E-3	5.105E-3	-8.350E+1
3.000E+3	2.726E-1	1.346E-3	4.938E-3	-8.368E+1
3.100E+3	2.761E-1	1.321E-3	4.782E-3	-8.384E+1
3.200E+3	2.794E-1	1.295E-3	4.636E-3	-8.400E+1
3.300E+3	2.825E-1	1.271E-3	4.499E-3	-8.414E+1
3.400E+3	2.854E-1	1.247E-3	4.369E-3	-8.428E+1
3.500E+3	2.881E-1	1.224E-3	4.247E-3	-8.441E+1
3.600E+3	2.907E-1	1.201E-3	4.131E-3	-8.453E+1
3.700E+3	2.932E-1	1.179E-3	4.022E-3	-8.465E+1
3.800E+3	2.955E-1	1.158E-3	3.918E-3	-8.475E+1
3.900E+3	2.977E-1	1.137E-3	3.820E-3	-8.486E+1
4.000E+3	2.999E-1	1.117E-3	3.726E-3	-8.496E+1
4.100E+3	3.018E-1	1.098E-3	3.637E-3	-8.505E+1
4.200E+3	3.037E-1	1.079E-3	3.552E-3	-8.514E+1
4.300E+3	3.055E-1	1.060E-3	3.471E-3	-8.523E+1
4.400E+3	3.072E-1	1.043E-3	3.394E-3	-8.531E+1
4.500E+3	3.088E-1	1.025E-3	3.320E-3	-8.539E+1
4.600E+3	3.104E-1	1.009E-3	3.249E-3	-8.546E+1
4.700E+3	3.119E-1	9.921E-4	3.181E-3	-8.553E+1
4.800E+3	3.133E-1	9.763E-4	3.116E-3	-8.560E+1
4.900E+3	3.146E-1	9.607E-4	3.054E-3	-8.566E+1
5.000E+3	3.159E-1	9.458E-4	2.994E-3	-8.573E+1
5.100E+3	3.171E-1	9.311E-4	2.936E-3	-8.579E+1
5.200E+3	3.183E-1	9.170E-4	2.881E-3	-8.585E+1
5.300E+3	3.194E-1	9.031E-4	2.828E-3	-8.590E+1
5.400E+3	3.205E-1	8.897E-4	2.776E-3	-8.596E+1
5.500E+3	3.215E-1	8.765E-4	2.727E-3	-8.601E+1
5.600E+3	3.224E-1	8.639E-4	2.679E-3	-8.606E+1
5.700E+3	3.234E-1	8.514E-4	2.633E-3	-8.611E+1
5.800E+3	3.243E-1	8.394E-4	2.588E-3	-8.616E+1
5.900E+3	3.251E-1	8.275E-4	2.545E-3	-8.620E+1
6.000E+3	3.260E-1	8.161E-4	2.504E-3	-8.625E+1
6.100E+3	3.268E-1	8.051E-4	2.464E-3	-8.629E+1
6.200E+3	3.275E-1	7.941E-4	2.425E-3	-8.633E+1
6.300E+3	3.283E-1	7.836E-4	2.387E-3	-8.637E+1
6.400E+3	3.290E-1	7.731E-4	2.350E-3	-8.641E+1
6.500E+3	3.296E-1	7.630E-4	2.315E-3	-8.645E+1
6.600E+3	3.302E-1	7.530E-4	2.280E-3	-8.649E+1
6.700E+3	3.308E-1	7.433E-4	2.247E-3	-8.653E+1
6.800E+3	3.314E-1	7.339E-4	2.215E-3	-8.656E+1
6.900E+3	3.320E-1	7.248E-4	2.183E-3	-8.659E+1
7.000E+3	3.326E-1	7.160E-4	2.152E-3	-8.663E+1
7.100E+3	3.332E-1	7.073E-4	2.123E-3	-8.666E+1
7.200E+3	3.337E-1	6.987E-4	2.094E-3	-8.669E+1
7.300E+3	3.342E-1	6.904E-4	2.066E-3	-8.672E+1
7.400E+3	3.347E-1	6.822E-4	2.038E-3	-8.675E+1
7.500E+3	3.352E-1	6.743E-4	2.012E-3	-8.678E+1
7.600E+3	3.356E-1	6.665E-4	1.986E-3	-8.681E+1
7.700E+3	3.361E-1	6.589E-4	1.960E-3	-8.684E+1
7.800E+3	3.365E-1	6.513E-4	1.936E-3	-8.687E+1
7.900E+3	3.369E-1	6.441E-4	1.912E-3	-8.689E+1
8.000E+3	3.374E-1	6.370E-4	1.888E-3	-8.692E+1
8.100E+3	3.378E-1	6.300E-4	1.865E-3	-8.695E+1
8.200E+3	3.382E-1	6.232E-4	1.843E-3	-8.697E+1
8.300E+3	3.385E-1	6.164E-4	1.821E-3	-8.700E+1
8.400E+3	3.389E-1	6.099E-4	1.800E-3	-8.702E+1
8.500E+3	3.392E-1	6.034E-4	1.779E-3	-8.704E+1
8.600E+3	3.395E-1	5.971E-4	1.759E-3	-8.707E+1
8.700E+3	3.398E-1	5.908E-4	1.739E-3	-8.709E+1
8.800E+3	3.402E-1	5.848E-4	1.719E-3	-8.711E+1
8.900E+3	3.404E-1	5.788E-4	1.700E-3	-8.713E+1
9.000E+3	3.408E-1	5.731E-4	1.682E-3	-8.716E+1
9.100E+3	3.411E-1	5.673E-4	1.664E-3	-8.718E+1
9.200E+3	3.414E-1	5.618E-4	1.646E-3	-8.720E+1
9.300E+3	3.416E-1	5.563E-4	1.628E-3	-8.722E+1
9.400E+3	3.419E-1	5.510E-4	1.611E-3	-8.724E+1
9.500E+3	3.422E-1	5.456E-4	1.595E-3	-8.726E+1
9.600E+3	3.424E-1	5.405E-4	1.578E-3	-8.728E+1
9.700E+3	3.427E-1	5.353E-4	1.562E-3	-8.730E+1
9.800E+3	3.429E-1	5.304E-4	1.547E-3	-8.731E+1
9.900E+3	3.432E-1	5.255E-4	1.531E-3	-8.733E+1
1.000E+4	3.434E-1	5.207E-4	1.516E-3	-8.735E+1
1.010E+4	3.436E-1	5.159E-4	1.501E-3	-8.737E+1
