1.000E+2	3.538E-1	2.136E-4	6.038E-4	8.929E+1
2.000E+2	3.484E-1	4.259E-4	1.223E-3	8.856E+1
3.000E+2	3.393E-1	6.347E-4	1.870E-3	8.780E+1
4.000E+2	3.267E-1	8.384E-4	2.566E-3	8.698E+1
5.000E+2	3.104E-1	1.035E-3	3.333E-3	8.608E+1
6.000E+2	2.907E-1	1.221E-3	4.201E-3	8.506E+1
7.000E+2	2.678E-1	1.395E-3	5.212E-3	8.386E+1
8.000E+2	2.419E-1	1.554E-3	6.424E-3	8.241E+1
9.000E+2	2.136E-1	1.694E-3	7.930E-3	8.058E+1
1.000E+3	1.837E-1	1.814E-3	9.873E-3	7.821E+1
1.100E+3	1.529E-1	1.912E-3	1.250E-2	7.494E+1
1.200E+3	1.223E-1	1.988E-3	1.625E-2	7.017E+1
1.300E+3	9.301E-2	2.042E-3	2.195E-2	6.261E+1
1.400E+3	6.716E-2	2.077E-3	3.092E-2	4.938E+1
1.500E+3	4.888E-2	2.093E-3	4.283E-2	2.505E+1
1.600E+3	4.524E-2	2.095E-3	4.632E-2	-1.009E+1
1.700E+3	5.643E-2	2.085E-3	3.694E-2	-3.789E+1
1.800E+3	7.409E-2	2.064E-3	2.786E-2	-5.328E+1
1.900E+3	9.313E-2	2.036E-3	2.186E-2	-6.187E+1
2.000E+3	1.117E-1	2.001E-3	1.792E-2	-6.714E+1
2.100E+3	1.291E-1	1.963E-3	1.520E-2	-7.065E+1
2.200E+3	1.452E-1	1.921E-3	1.323E-2	-7.316E+1
2.300E+3	1.601E-1	1.879E-3	1.174E-2	-7.503E+1
2.400E+3	1.736E-1	1.835E-3	1.057E-2	-7.647E+1
2.500E+3	1.859E-1	1.791E-3	9.631E-3	-7.763E+1
2.600E+3	1.972E-1	1.747E-3	8.859E-3	-7.857E+1
2.700E+3	2.074E-1	1.704E-3	8.214E-3	-7.936E+1
2.800E+3	2.168E-1	1.662E-3	7.665E-3	-8.003E+1
2.900E+3	2.253E-1	1.620E-3	7.192E-3	-8.060E+1
3.000E+3	2.331E-1	1.580E-3	6.779E-3	-8.110E+1
3.100E+3	2.403E-1	1.542E-3	6.417E-3	-8.153E+1
3.200E+3	2.468E-1	1.504E-3	6.095E-3	-8.192E+1
3.300E+3	2.528E-1	1.468E-3	5.807E-3	-8.226E+1
3.400E+3	2.583E-1	1.433E-3	5.548E-3	-8.257E+1
3.500E+3	2.635E-1	1.400E-3	5.313E-3	-8.285E+1
3.600E+3	2.682E-1	1.368E-3	5.100E-3	-8.310E+1
3.700E+3	2.725E-1	1.337E-3	4.904E-3	-8.333E+1
3.800E+3	2.766E-1	1.307E-3	4.725E-3	-8.355E+1
3.900E+3	2.803E-1	1.278E-3	4.560E-3	-8.374E+1
4.000E+3	2.838E-1	1.251E-3	4.406E-3	-8.392E+1
4.100E+3	2.870E-1	1.224E-3	4.264E-3	-8.409E+1
4.200E+3	2.901E-1	1.199E-3	4.131E-3	-8.424E+1
4.300E+3	2.929E-1	1.174E-3	4.008E-3	-8.439E+1
4.400E+3	2.956E-1	1.150E-3	3.892E-3	-8.452E+1
4.500E+3	2.980E-1	1.127E-3	3.783E-3	-8.465E+1
4.600E+3	3.003E-1	1.105E-3	3.681E-3	-8.477E+1
4.700E+3	3.025E-1	1.084E-3	3.584E-3	-8.488E+1
4.800E+3	3.046E-1	1.064E-3	3.493E-3	-8.499E+1
4.900E+3	3.065E-1	1.044E-3	3.407E-3	-8.509E+1
5.000E+3	3.083E-1	1.025E-3	3.325E-3	-8.518E+1
5.100E+3	3.100E-1	1.007E-3	3.247E-3	-8.527E+1
5.200E+3	3.117E-1	9.891E-4	3.173E-3	-8.536E+1
5.300E+3	3.132E-1	9.718E-4	3.103E-3	-8.544E+1
5.400E+3	3.147E-1	9.553E-4	3.036E-3	-8.552E+1
5.500E+3	3.160E-1	9.392E-4	2.972E-3	-8.559E+1
5.600E+3	3.174E-1	9.237E-4	2.911E-3	-8.566E+1
5.700E+3	3.186E-1	9.086E-4	2.852E-3	-8.573E+1
5.800E+3	3.198E-1	8.941E-4	2.796E-3	-8.579E+1
5.900E+3	3.209E-1	8.799E-4	2.742E-3	-8.585E+1
6.000E+3	3.220E-1	8.663E-4	2.691E-3	-8.591E+1
6.100E+3	3.230E-1	8.531E-4	2.641E-3	-8.597E+1
6.200E+3	3.240E-1	8.402E-4	2.593E-3	-8.603E+1
6.300E+3	3.249E-1	8.277E-4	2.547E-3	-8.608E+1
6.400E+3	3.257E-1	8.154E-4	2.503E-3	-8.613E+1
6.500E+3	3.266E-1	8.037E-4	2.461E-3	-8.618E+1
6.600E+3	3.273E-1	7.920E-4	2.420E-3	-8.623E+1
6.700E+3	3.281E-1	7.809E-4	2.380E-3	-8.627E+1
6.800E+3	3.289E-1	7.700E-4	2.342E-3	-8.632E+1
6.900E+3	3.296E-1	7.596E-4	2.304E-3	-8.636E+1
7.000E+3	3.303E-1	7.494E-4	2.269E-3	-8.640E+1
7.100E+3	3.310E-1	7.394E-4	2.234E-3	-8.644E+1
7.200E+3	3.316E-1	7.297E-4	2.200E-3	-8.649E+1
7.300E+3	3.322E-1	7.203E-4	2.168E-3	-8.652E+1
7.400E+3	3.328E-1	7.110E-4	2.136E-3	-8.656E+1
7.500E+3	3.334E-1	7.020E-4	2.106E-3	-8.660E+1
7.600E+3	3.339E-1	6.932E-4	2.076E-3	-8.663E+1
7.700E+3	3.345E-1	6.847E-4	2.047E-3	-8.666E+1
7.800E+3	3.349E-1	6.763E-4	2.019E-3	-8.670E+1
7.900E+3	3.354E-1	6.682E-4	1.992E-3	-8.673E+1
8.000E+3	3.360E-1	6.603E-4	1.965E-3	-8.676E+1
8.100E+3	3.364E-1	6.525E-4	1.940E-3	-8.679E+1
8.200E+3	3.369E-1	6.449E-4	1.915E-3	-8.682E+1
8.300E+3	3.373E-1	6.375E-4	1.890E-3	-8.685E+1
8.400E+3	3.377E-1	6.303E-4	1.866E-3	-8.688E+1
8.500E+3	3.381E-1	6.231E-4	1.843E-3	-8.691E+1
8.600E+3	3.384E-1	6.162E-4	1.821E-3	-8.693E+1
8.700E+3	3.388E-1	6.093E-4	1.799E-3	-8.696E+1
8.800E+3	3.392E-1	6.028E-4	1.777E-3	-8.699E+1
8.900E+3	3.395E-1	5.962E-4	1.756E-3	-8.701E+1
9.000E+3	3.399E-1	5.899E-4	1.736E-3	-8.704E+1
9.100E+3	3.402E-1	5.837E-4	1.716E-3	-8.706E+1
9.200E+3	3.405E-1	5.777E-4	1.696E-3	-8.709E+1
9.300E+3	3.408E-1	5.716E-4	1.677E-3	-8.711E+1
9.400E+3	3.411E-1	5.659E-4	1.659E-3	-8.713E+1
9.500E+3	3.414E-1	5.601E-4	1.641E-3	-8.715E+1
9.600E+3	3.417E-1	5.545E-4	1.623E-3	-8.717E+1
9.700E+3	3.420E-1	5.490E-4	1.605E-3	-8.720E+1
9.800E+3	3.423E-1	5.437E-4	1.588E-3	-8.722E+1
9.900E+3	3.426E-1	5.384E-4	1.572E-3	-8.724E+1
1.000E+4	3.428E-1	5.332E-4	1.555E-3	-8.726E+1
1.010E+4	3.430E-1	5.281E-4	1.540E-3	-8.728E+1
