  3.500000e+02  -8.270387e+01 
  3.525252e+02  -8.196610e+01 
  3.550505e+02  -8.152412e+01 
  3.575757e+02  -8.129262e+01 
  3.601010e+02  -8.135863e+01 
  3.626263e+02  -8.169328e+01 
  3.651515e+02  -8.260292e+01 
  3.676768e+02  -8.385962e+01 
  3.702020e+02  -8.375266e+01 
  3.727273e+02  -6.212085e+01 
  3.752525e+02  -6.904961e+01 
  3.777778e+02  -7.571086e+01 
  3.803030e+02  -7.597215e+01 
  3.828283e+02  -7.645015e+01 
  3.853535e+02  -7.703052e+01 
  3.878788e+02  -7.744020e+01 
  3.904041e+02  -7.782281e+01 
  3.929293e+02  -7.831403e+01 
  3.954546e+02  -7.938335e+01 
  3.979798e+02  -8.709402e+01 
  4.005050e+02  -7.351626e+01 
  4.030303e+02  -7.572650e+01 
  4.055555e+02  -7.637917e+01 
  4.080808e+02  -7.642094e+01 
  4.106060e+02  -7.636735e+01 
  4.131313e+02  -7.589314e+01 
  4.156566e+02  -7.348390e+01 
  4.181818e+02  -7.990054e+01 
  4.207071e+02  -7.928681e+01 
  4.232323e+02  -7.886295e+01 
  4.257576e+02  -7.855497e+01 
  4.282828e+02  -7.844514e+01 
  4.308081e+02  -7.835028e+01 
  4.333333e+02  -7.832310e+01 
  4.358586e+02  -7.828635e+01 
  4.383839e+02  -7.831307e+01 
  4.409091e+02  -7.828815e+01 
  4.434344e+02  -7.830866e+01 
  4.459596e+02  -7.831446e+01 
  4.484849e+02  -7.829789e+01 
  4.510101e+02  -7.830703e+01 
  4.535353e+02  -7.831909e+01 
  4.560606e+02  -7.836026e+01 
  4.585858e+02  -7.836046e+01 
  4.611111e+02  -7.836375e+01 
  4.636364e+02  -7.840417e+01 
  4.661616e+02  -7.840464e+01 
  4.686869e+02  -7.844587e+01 
  4.712121e+02  -7.846155e+01 
  4.737374e+02  -7.844167e+01 
  4.762626e+02  -7.845950e+01 
  4.787879e+02  -7.848865e+01 
  4.813131e+02  -7.853160e+01 
  4.838384e+02  -7.849500e+01 
  4.863636e+02  -7.852335e+01 
  4.888889e+02  -7.853487e+01 
  4.914142e+02  -7.856680e+01 
  4.939394e+02  -7.857433e+01 
  4.964647e+02  -7.858669e+01 
  4.989899e+02  -7.859217e+01 
  5.015151e+02  -7.860400e+01 
  5.040404e+02  -7.864996e+01 
  5.065656e+02  -7.864565e+01 
  5.090909e+02  -7.864758e+01 
  5.116161e+02  -7.864612e+01 
  5.141414e+02  -7.869197e+01 
  5.166667e+02  -7.870412e+01 
  5.191919e+02  -7.870481e+01 
  5.217172e+02  -7.872702e+01 
  5.242424e+02  -7.873205e+01 
  5.267677e+02  -7.875992e+01 
  5.292929e+02  -7.877406e+01 
  5.318182e+02  -7.876617e+01 
  5.343434e+02  -7.876335e+01 
  5.368687e+02  -7.880647e+01 
  5.393939e+02  -7.879082e+01 
  5.419192e+02  -7.879201e+01 
  5.444445e+02  -7.882563e+01 
  5.469697e+02  -7.884769e+01 
  5.494949e+02  -7.891007e+01 
  5.520202e+02  -7.887453e+01 
  5.545455e+02  -7.882304e+01 
  5.570707e+02  -7.892599e+01 
  5.595959e+02  -7.889807e+01 
  5.621212e+02  -7.894013e+01 
  5.646465e+02  -7.895086e+01 
  5.671717e+02  -7.896445e+01 
  5.696970e+02  -7.896475e+01 
  5.722222e+02  -7.896900e+01 
  5.747475e+02  -7.899855e+01 
  5.772727e+02  -7.900668e+01 
  5.797980e+02  -7.904549e+01 
  5.823232e+02  -7.903332e+01 
  5.848485e+02  -7.905097e+01 
  5.873737e+02  -7.905286e+01 
  5.898990e+02  -7.907591e+01 
  5.924243e+02  -7.909598e+01 
  5.949495e+02  -7.911642e+01 
  5.974747e+02  -7.911183e+01 
  6.000000e+02  -7.911463e+01 