1.000E+3	2.081E-7	8.673E+0	7.650E+2	-8.935E+1
1.100E+3	2.080E-7	7.530E+0	6.956E+2	-8.938E+1
1.200E+3	2.079E-7	6.653E+0	6.379E+2	-8.940E+1
1.300E+3	2.079E-7	5.955E+0	5.890E+2	-8.942E+1
1.400E+3	2.078E-7	5.382E+0	5.470E+2	-8.944E+1
1.500E+3	2.078E-7	4.913E+0	5.106E+2	-8.945E+1
1.600E+3	2.078E-7	4.528E+0	4.788E+2	-8.946E+1
1.700E+3	2.077E-7	4.197E+0	4.508E+2	-8.947E+1
1.800E+3	2.077E-7	3.911E+0	4.258E+2	-8.947E+1
1.900E+3	2.076E-7	3.671E+0	4.035E+2	-8.948E+1
2.000E+3	2.076E-7	3.442E+0	3.834E+2	-8.949E+1
2.100E+3	2.075E-7	3.265E+0	3.652E+2	-8.949E+1
2.200E+3	2.075E-7	3.096E+0	3.486E+2	-8.949E+1
2.300E+3	2.075E-7	2.948E+0	3.335E+2	-8.949E+1
2.400E+3	2.075E-7	2.807E+0	3.197E+2	-8.950E+1
2.500E+3	2.074E-7	2.692E+0	3.069E+2	-8.950E+1
2.600E+3	2.074E-7	2.580E+0	2.952E+2	-8.950E+1
2.700E+3	2.074E-7	2.484E+0	2.843E+2	-8.950E+1
2.800E+3	2.073E-7	2.399E+0	2.742E+2	-8.950E+1
2.900E+3	2.073E-7	2.315E+0	2.648E+2	-8.950E+1
3.000E+3	2.073E-7	2.241E+0	2.560E+2	-8.950E+1
3.100E+3	2.072E-7	2.166E+0	2.477E+2	-8.950E+1
3.200E+3	2.072E-7	2.101E+0	2.400E+2	-8.950E+1
3.300E+3	2.072E-7	2.038E+0	2.328E+2	-8.950E+1
3.400E+3	2.072E-7	1.986E+0	2.260E+2	-8.950E+1
3.500E+3	2.071E-7	1.932E+0	2.195E+2	-8.950E+1
3.600E+3	2.071E-7	1.880E+0	2.135E+2	-8.950E+1
3.700E+3	2.071E-7	1.836E+0	2.077E+2	-8.949E+1
3.800E+3	2.071E-7	1.792E+0	2.023E+2	-8.949E+1
3.900E+3	2.071E-7	1.749E+0	1.971E+2	-8.949E+1
4.000E+3	2.070E-7	1.712E+0	1.922E+2	-8.949E+1
4.100E+3	2.070E-7	1.673E+0	1.875E+2	-8.949E+1
4.200E+3	2.070E-7	1.640E+0	1.831E+2	-8.949E+1
4.300E+3	2.070E-7	1.605E+0	1.788E+2	-8.949E+1
4.400E+3	2.070E-7	1.575E+0	1.748E+2	-8.948E+1
4.500E+3	2.069E-7	1.543E+0	1.709E+2	-8.948E+1
4.600E+3	2.069E-7	1.514E+0	1.672E+2	-8.948E+1
4.700E+3	2.069E-7	1.486E+0	1.637E+2	-8.948E+1
4.800E+3	2.069E-7	1.463E+0	1.603E+2	-8.948E+1
4.900E+3	2.069E-7	1.441E+0	1.570E+2	-8.947E+1
5.000E+3	2.069E-7	1.410E+0	1.539E+2	-8.947E+1
5.100E+3	2.068E-7	1.392E+0	1.509E+2	-8.947E+1
5.200E+3	2.068E-7	1.371E+0	1.480E+2	-8.947E+1
5.300E+3	2.068E-7	1.351E+0	1.452E+2	-8.947E+1
5.400E+3	2.068E-7	1.333E+0	1.425E+2	-8.946E+1
5.500E+3	2.068E-7	1.311E+0	1.400E+2	-8.946E+1
5.600E+3	2.067E-7	1.290E+0	1.375E+2	-8.946E+1
5.700E+3	2.067E-7	1.274E+0	1.351E+2	-8.946E+1
5.800E+3	2.067E-7	1.257E+0	1.328E+2	-8.946E+1
5.900E+3	2.067E-7	1.240E+0	1.305E+2	-8.946E+1
6.000E+3	2.067E-7	1.222E+0	1.283E+2	-8.945E+1
6.100E+3	2.067E-7	1.208E+0	1.262E+2	-8.945E+1
6.200E+3	2.067E-7	1.192E+0	1.242E+2	-8.945E+1
6.300E+3	2.066E-7	1.179E+0	1.223E+2	-8.945E+1
6.400E+3	2.066E-7	1.163E+0	1.204E+2	-8.945E+1
6.500E+3	2.066E-7	1.151E+0	1.185E+2	-8.944E+1
6.600E+3	2.066E-7	1.136E+0	1.167E+2	-8.944E+1
6.700E+3	2.066E-7	1.126E+0	1.150E+2	-8.944E+1
6.800E+3	2.066E-7	1.113E+0	1.133E+2	-8.944E+1
6.900E+3	2.066E-7	1.100E+0	1.117E+2	-8.944E+1
7.000E+3	2.065E-7	1.089E+0	1.101E+2	-8.943E+1
7.100E+3	2.065E-7	1.076E+0	1.085E+2	-8.943E+1
7.200E+3	2.065E-7	1.068E+0	1.070E+2	-8.943E+1
7.300E+3	2.065E-7	1.056E+0	1.056E+2	-8.943E+1
7.400E+3	2.065E-7	1.046E+0	1.042E+2	-8.942E+1
7.500E+3	2.065E-7	1.038E+0	1.028E+2	-8.942E+1
7.600E+3	2.065E-7	1.027E+0	1.014E+2	-8.942E+1
7.700E+3	2.064E-7	1.017E+0	1.001E+2	-8.942E+1
7.800E+3	2.064E-7	1.008E+0	9.885E+1	-8.942E+1
7.900E+3	2.064E-7	9.994E-1	9.760E+1	-8.941E+1
8.000E+3	2.064E-7	9.905E-1	9.639E+1	-8.941E+1
8.100E+3	2.064E-7	9.813E-1	9.520E+1	-8.941E+1
8.200E+3	2.064E-7	9.712E-1	9.405E+1	-8.941E+1
8.300E+3	2.064E-7	9.650E-1	9.292E+1	-8.940E+1
8.400E+3	2.064E-7	9.564E-1	9.182E+1	-8.940E+1
8.500E+3	2.063E-7	9.489E-1	9.075E+1	-8.940E+1
8.600E+3	2.063E-7	9.406E-1	8.969E+1	-8.940E+1
8.700E+3	2.063E-7	9.334E-1	8.867E+1	-8.940E+1
8.800E+3	2.063E-7	9.263E-1	8.767E+1	-8.939E+1
8.900E+3	2.063E-7	9.187E-1	8.669E+1	-8.939E+1
9.000E+3	2.063E-7	9.118E-1	8.573E+1	-8.939E+1
9.100E+3	2.063E-7	9.057E-1	8.479E+1	-8.939E+1
9.200E+3	2.063E-7	8.989E-1	8.387E+1	-8.939E+1
9.300E+3	2.063E-7	8.913E-1	8.298E+1	-8.938E+1
9.400E+3	2.062E-7	8.864E-1	8.210E+1	-8.938E+1
9.500E+3	2.062E-7	8.790E-1	8.124E+1	-8.938E+1
9.600E+3	2.062E-7	8.742E-1	8.040E+1	-8.938E+1
9.700E+3	2.062E-7	8.670E-1	7.957E+1	-8.938E+1
9.800E+3	2.062E-7	8.605E-1	7.876E+1	-8.937E+1
9.900E+3	2.062E-7	8.550E-1	7.797E+1	-8.937E+1
1.000E+4	2.062E-7	8.492E-1	7.719E+1	-8.937E+1