1.000E+3	9.562E-7	1.013E+0	1.664E+2	-8.965E+1
1.100E+3	9.560E-7	9.328E-1	1.513E+2	-8.965E+1
1.200E+3	9.558E-7	8.716E-1	1.388E+2	-8.964E+1
1.300E+3	9.557E-7	8.170E-1	1.281E+2	-8.963E+1
1.400E+3	9.555E-7	7.727E-1	1.190E+2	-8.963E+1
1.500E+3	9.553E-7	7.369E-1	1.111E+2	-8.962E+1
1.600E+3	9.551E-7	7.051E-1	1.041E+2	-8.961E+1
1.700E+3	9.550E-7	6.771E-1	9.804E+1	-8.960E+1
1.800E+3	9.548E-7	6.521E-1	9.261E+1	-8.960E+1
1.900E+3	9.546E-7	6.284E-1	8.775E+1	-8.959E+1
2.000E+3	9.545E-7	6.083E-1	8.337E+1	-8.958E+1
2.100E+3	9.544E-7	5.910E-1	7.941E+1	-8.957E+1
2.200E+3	9.542E-7	5.735E-1	7.582E+1	-8.957E+1
2.300E+3	9.541E-7	5.587E-1	7.253E+1	-8.956E+1
2.400E+3	9.540E-7	5.447E-1	6.952E+1	-8.955E+1
2.500E+3	9.538E-7	5.317E-1	6.674E+1	-8.954E+1
2.600E+3	9.537E-7	5.196E-1	6.419E+1	-8.954E+1
2.700E+3	9.536E-7	5.076E-1	6.182E+1	-8.953E+1
2.800E+3	9.535E-7	4.986E-1	5.962E+1	-8.952E+1
2.900E+3	9.534E-7	4.891E-1	5.757E+1	-8.951E+1
3.000E+3	9.533E-7	4.801E-1	5.565E+1	-8.951E+1
3.100E+3	9.531E-7	4.714E-1	5.387E+1	-8.950E+1
3.200E+3	9.530E-7	4.632E-1	5.219E+1	-8.949E+1
3.300E+3	9.529E-7	4.568E-1	5.061E+1	-8.948E+1
3.400E+3	9.528E-7	4.504E-1	4.913E+1	-8.947E+1
3.500E+3	9.527E-7	4.426E-1	4.773E+1	-8.947E+1
3.600E+3	9.526E-7	4.375E-1	4.641E+1	-8.946E+1
3.700E+3	9.525E-7	4.313E-1	4.516E+1	-8.945E+1
3.800E+3	9.524E-7	4.249E-1	4.398E+1	-8.945E+1
3.900E+3	9.524E-7	4.195E-1	4.285E+1	-8.944E+1
4.000E+3	9.523E-7	4.145E-1	4.179E+1	-8.943E+1
4.100E+3	9.522E-7	4.094E-1	4.077E+1	-8.942E+1
4.200E+3	9.521E-7	4.039E-1	3.980E+1	-8.942E+1
4.300E+3	9.520E-7	3.996E-1	3.888E+1	-8.941E+1
4.400E+3	9.519E-7	3.961E-1	3.800E+1	-8.940E+1
4.500E+3	9.518E-7	3.920E-1	3.716E+1	-8.940E+1
4.600E+3	9.517E-7	3.869E-1	3.636E+1	-8.939E+1
4.700E+3	9.517E-7	3.831E-1	3.559E+1	-8.938E+1
4.800E+3	9.515E-7	3.796E-1	3.485E+1	-8.938E+1
4.900E+3	9.515E-7	3.758E-1	3.414E+1	-8.937E+1
5.000E+3	9.515E-7	3.733E-1	3.346E+1	-8.936E+1
5.100E+3	9.513E-7	3.687E-1	3.281E+1	-8.936E+1
5.200E+3	9.512E-7	3.652E-1	3.218E+1	-8.935E+1
5.300E+3	9.512E-7	3.618E-1	3.157E+1	-8.934E+1
5.400E+3	9.511E-7	3.588E-1	3.099E+1	-8.934E+1
5.500E+3	9.510E-7	3.554E-1	3.043E+1	-8.933E+1
5.600E+3	9.509E-7	3.524E-1	2.989E+1	-8.932E+1
5.700E+3	9.509E-7	3.503E-1	2.937E+1	-8.932E+1
5.800E+3	9.508E-7	3.472E-1	2.886E+1	-8.931E+1
5.900E+3	9.508E-7	3.455E-1	2.837E+1	-8.930E+1
6.000E+3	9.507E-7	3.418E-1	2.790E+1	-8.930E+1
6.100E+3	9.506E-7	3.400E-1	2.745E+1	-8.929E+1
6.200E+3	9.506E-7	3.367E-1	2.701E+1	-8.929E+1
6.300E+3	9.505E-7	3.340E-1	2.658E+1	-8.928E+1
6.400E+3	9.504E-7	3.310E-1	2.617E+1	-8.928E+1
6.500E+3	9.504E-7	3.290E-1	2.577E+1	-8.927E+1
6.600E+3	9.503E-7	3.272E-1	2.538E+1	-8.926E+1
6.700E+3	9.502E-7	3.251E-1	2.500E+1	-8.925E+1
6.800E+3	9.502E-7	3.241E-1	2.463E+1	-8.925E+1
6.900E+3	9.501E-7	3.214E-1	2.428E+1	-8.924E+1
7.000E+3	9.501E-7	3.179E-1	2.393E+1	-8.924E+1
7.100E+3	9.500E-7	3.176E-1	2.360E+1	-8.923E+1
7.200E+3	9.499E-7	3.148E-1	2.327E+1	-8.923E+1
7.300E+3	9.499E-7	3.140E-1	2.295E+1	-8.922E+1
7.400E+3	9.498E-7	3.112E-1	2.265E+1	-8.921E+1
7.500E+3	9.497E-7	3.107E-1	2.235E+1	-8.920E+1
7.600E+3	9.497E-7	3.071E-1	2.205E+1	-8.920E+1
7.700E+3	9.496E-7	3.051E-1	2.177E+1	-8.920E+1
7.800E+3	9.496E-7	3.038E-1	2.149E+1	-8.919E+1
7.900E+3	9.495E-7	3.033E-1	2.122E+1	-8.918E+1
8.000E+3	9.495E-7	3.017E-1	2.095E+1	-8.917E+1
8.100E+3	9.494E-7	2.997E-1	2.070E+1	-8.917E+1
8.200E+3	9.494E-7	2.985E-1	2.045E+1	-8.916E+1
8.300E+3	9.493E-7	2.969E-1	2.020E+1	-8.916E+1
8.400E+3	9.493E-7	2.946E-1	1.996E+1	-8.915E+1
8.500E+3	9.492E-7	2.936E-1	1.973E+1	-8.915E+1
8.600E+3	9.492E-7	2.923E-1	1.950E+1	-8.914E+1
8.700E+3	9.491E-7	2.908E-1	1.928E+1	-8.914E+1
8.800E+3	9.490E-7	2.905E-1	1.906E+1	-8.913E+1
8.900E+3	9.490E-7	2.874E-1	1.885E+1	-8.913E+1
9.000E+3	9.490E-7	2.863E-1	1.864E+1	-8.912E+1
9.100E+3	9.489E-7	2.851E-1	1.843E+1	-8.911E+1
9.200E+3	9.489E-7	2.854E-1	1.823E+1	-8.910E+1
9.300E+3	9.488E-7	2.830E-1	1.804E+1	-8.910E+1
9.400E+3	9.488E-7	2.823E-1	1.785E+1	-8.909E+1
9.500E+3	9.487E-7	2.809E-1	1.766E+1	-8.909E+1
9.600E+3	9.487E-7	2.795E-1	1.748E+1	-8.908E+1
9.700E+3	9.487E-7	2.787E-1	1.730E+1	-8.908E+1
9.800E+3	9.487E-7	2.776E-1	1.712E+1	-8.907E+1
9.900E+3	9.486E-7	2.773E-1	1.695E+1	-8.906E+1
1.000E+4	9.484E-7	2.766E-1	1.678E+1	-8.906E+1
