1.000E+3	1.947E-2	4.916E+1	1.318E+2	6.810E+1
1.100E+3	1.946E-2	4.930E+1	1.432E+2	6.987E+1
1.200E+3	1.944E-2	4.944E+1	1.547E+2	7.136E+1
1.300E+3	1.943E-2	4.958E+1	1.663E+2	7.265E+1
1.400E+3	1.942E-2	4.973E+1	1.779E+2	7.377E+1
1.500E+3	1.941E-2	4.987E+1	1.896E+2	7.475E+1
1.600E+3	1.939E-2	5.001E+1	2.013E+2	7.561E+1
1.700E+3	1.938E-2	5.017E+1	2.130E+2	7.638E+1
1.800E+3	1.937E-2	5.032E+1	2.248E+2	7.707E+1
1.900E+3	1.936E-2	5.047E+1	2.366E+2	7.768E+1
2.000E+3	1.935E-2	5.062E+1	2.484E+2	7.824E+1
2.100E+3	1.934E-2	5.077E+1	2.602E+2	7.875E+1
2.200E+3	1.933E-2	5.093E+1	2.720E+2	7.921E+1
2.300E+3	1.932E-2	5.108E+1	2.838E+2	7.963E+1
2.400E+3	1.931E-2	5.124E+1	2.957E+2	8.002E+1
2.500E+3	1.930E-2	5.141E+1	3.075E+2	8.038E+1
2.600E+3	1.929E-2	5.157E+1	3.194E+2	8.071E+1
2.700E+3	1.929E-2	5.173E+1	3.313E+2	8.102E+1
2.800E+3	1.928E-2	5.190E+1	3.431E+2	8.130E+1
2.900E+3	1.927E-2	5.206E+1	3.550E+2	8.157E+1
3.000E+3	1.926E-2	5.223E+1	3.668E+2	8.182E+1
3.100E+3	1.926E-2	5.239E+1	3.787E+2	8.205E+1
3.200E+3	1.925E-2	5.256E+1	3.906E+2	8.227E+1
3.300E+3	1.924E-2	5.272E+1	4.025E+2	8.247E+1
3.400E+3	1.924E-2	5.289E+1	4.143E+2	8.267E+1
3.500E+3	1.923E-2	5.305E+1	4.262E+2	8.285E+1
3.600E+3	1.922E-2	5.322E+1	4.381E+2	8.302E+1
3.700E+3	1.922E-2	5.338E+1	4.499E+2	8.319E+1
3.800E+3	1.921E-2	5.356E+1	4.618E+2	8.334E+1
3.900E+3	1.920E-2	5.374E+1	4.736E+2	8.349E+1
4.000E+3	1.920E-2	5.389E+1	4.855E+2	8.363E+1
4.100E+3	1.919E-2	5.406E+1	4.974E+2	8.376E+1
4.200E+3	1.919E-2	5.422E+1	5.092E+2	8.389E+1
4.300E+3	1.918E-2	5.440E+1	5.211E+2	8.401E+1
4.400E+3	1.918E-2	5.457E+1	5.330E+2	8.412E+1
4.500E+3	1.917E-2	5.474E+1	5.448E+2	8.423E+1
4.600E+3	1.917E-2	5.492E+1	5.567E+2	8.434E+1
4.700E+3	1.916E-2	5.508E+1	5.686E+2	8.444E+1
4.800E+3	1.916E-2	5.525E+1	5.805E+2	8.454E+1
4.900E+3	1.915E-2	5.542E+1	5.923E+2	8.463E+1
5.000E+3	1.915E-2	5.558E+1	6.042E+2	8.472E+1
5.100E+3	1.915E-2	5.575E+1	6.160E+2	8.481E+1
5.200E+3	1.914E-2	5.594E+1	6.279E+2	8.489E+1
5.300E+3	1.914E-2	5.608E+1	6.397E+2	8.497E+1
5.400E+3	1.913E-2	5.624E+1	6.516E+2	8.505E+1
5.500E+3	1.913E-2	5.641E+1	6.634E+2	8.512E+1
5.600E+3	1.912E-2	5.657E+1	6.753E+2	8.519E+1
5.700E+3	1.912E-2	5.674E+1	6.871E+2	8.526E+1
5.800E+3	1.912E-2	5.690E+1	6.989E+2	8.533E+1
5.900E+3	1.911E-2	5.705E+1	7.108E+2	8.540E+1
6.000E+3	1.911E-2	5.721E+1	7.226E+2	8.546E+1
6.100E+3	1.910E-2	5.736E+1	7.345E+2	8.552E+1
6.200E+3	1.910E-2	5.752E+1	7.463E+2	8.558E+1
6.300E+3	1.910E-2	5.766E+1	7.581E+2	8.564E+1
6.400E+3	1.909E-2	5.781E+1	7.700E+2	8.569E+1
6.500E+3	1.909E-2	5.798E+1	7.818E+2	8.575E+1
6.600E+3	1.909E-2	5.816E+1	7.937E+2	8.580E+1
6.700E+3	1.908E-2	5.829E+1	8.055E+2	8.585E+1
6.800E+3	1.908E-2	5.841E+1	8.173E+2	8.590E+1
6.900E+3	1.908E-2	5.859E+1	8.292E+2	8.595E+1
7.000E+3	1.907E-2	5.876E+1	8.410E+2	8.599E+1
7.100E+3	1.907E-2	5.888E+1	8.529E+2	8.604E+1
7.200E+3	1.907E-2	5.902E+1	8.647E+2	8.609E+1
7.300E+3	1.907E-2	5.915E+1	8.765E+2	8.613E+1
7.400E+3	1.906E-2	5.934E+1	8.884E+2	8.617E+1
7.500E+3	1.906E-2	5.946E+1	9.002E+2	8.621E+1
7.600E+3	1.906E-2	5.963E+1	9.120E+2	8.625E+1
7.700E+3	1.906E-2	5.976E+1	9.239E+2	8.629E+1
7.800E+3	1.905E-2	5.991E+1	9.357E+2	8.633E+1
7.900E+3	1.905E-2	6.005E+1	9.476E+2	8.637E+1
8.000E+3	1.905E-2	6.018E+1	9.595E+2	8.640E+1
8.100E+3	1.905E-2	6.030E+1	9.712E+2	8.644E+1
8.200E+3	1.904E-2	6.045E+1	9.831E+2	8.647E+1
8.300E+3	1.904E-2	6.057E+1	9.950E+2	8.651E+1
8.400E+3	1.904E-2	6.074E+1	1.007E+3	8.654E+1
8.500E+3	1.904E-2	6.089E+1	1.019E+3	8.657E+1
8.600E+3	1.904E-2	6.102E+1	1.030E+3	8.661E+1
8.700E+3	1.904E-2	6.112E+1	1.042E+3	8.664E+1
8.800E+3	1.903E-2	6.121E+1	1.054E+3	8.667E+1
8.900E+3	1.903E-2	6.134E+1	1.066E+3	8.670E+1
9.000E+3	1.903E-2	6.146E+1	1.078E+3	8.673E+1
9.100E+3	1.903E-2	6.162E+1	1.090E+3	8.676E+1
9.200E+3	1.903E-2	6.173E+1	1.102E+3	8.679E+1
9.300E+3	1.903E-2	6.185E+1	1.114E+3	8.682E+1
9.400E+3	1.903E-2	6.202E+1	1.125E+3	8.684E+1
9.500E+3	1.902E-2	6.215E+1	1.137E+3	8.687E+1
9.600E+3	1.902E-2	6.223E+1	1.149E+3	8.690E+1
9.700E+3	1.902E-2	6.240E+1	1.161E+3	8.692E+1
9.800E+3	1.902E-2	6.254E+1	1.173E+3	8.694E+1
9.900E+3	1.902E-2	6.266E+1	1.185E+3	8.697E+1
1.000E+4	1.902E-2	6.269E+1	1.197E+3	8.700E+1
