-5.0017
-5.0323
-5.3901
-4.8259
-5.3488
-5.2425
-5.3712
-4.563
-5.0652
-3.7931
-5.1576
-5.2566
-5.4485
-5.0084
-5.3555
-4.5611
-4.407
-5.1004
-5.204
-4.7495
-5.1527
-4.0488
-4.4976
-4.7551
-3.803
-4.3343
-4.0686
-3.5283
-3.0717
-2.8923
-3.5116
-3.2362
-3.7722
-3.5238
-2.9179
-2.8666
-2.8014
-3.1058
-3.1497
-3.7494
-2.6361
-3.9711
-3.0277
-2.8138
-3.8453
-2.9773
-3.6125
-3.4716
-4.2041
-3.716
-4.357
-3.8545
-4.1371
-3.7844
-4.3164
-4.071
-5.0595
-4.8832
-4.9994
-5.3924
-5.3311
-5.2351
-5.2453
-5.5036
-5.6019
-5.6269
-5.4107
-5.6355
-5.3021
-5.0347
-5.6302
-5.232
-5.2323
-5.2199
-4.8934
-4.8137
-4.9484
-4.4288
-3.8936
-4.0418
-3.5121
-3.7815
-3.6219
-3.7949
-3.6871
-3.4896
-3.1064
-3.6083
-2.9563
-1.8535
-2.1899
-2.5631
-2.5631
-1.993
-2.6574
-2.4089
-3.1491
-2.6127
-3.0528
-2.9424
-3.072
-3.2517
-3.0101
-3.0718
-3.4722
-2.8227
-3.9394
-3.7198
-3.5532
-3.6639
-2.9662
-3.1513
-3.0187
-3.5311
-3.3141
-3.5205
-3.1199
-3.2971
-3.3078
-3.5923
-3.7162
-3.8836
-3.9402
-3.6974
-3.8271
-3.5547
-3.2514
-3.4777
-3.4273
-3.8261
-3.9458
-3.6773
-4.3069
-3.8525
-3.9062
-4.0113
-4.3064
-3.9292
-4.5037
-3.8386
-4.3366
-4.1856
-4.0472
-3.5348
-3.9743
-3.5233
-3.6873
-3.7063
-3.5129
-3.7864
-3.5009
-3.4725
-3.3574
-3.3958
-2.9306
-3.4383
-3.5738
-3.2684
-3.1518
-2.9403
-3.0091
-2.9635
-2.823
-2.2826
-1.8376
-2.1096
-2.1349
-1.3339
-1.2414
-0.7545
-0.5706
-0.5367
-0.5417
-0.1031
0.3038
0.182
-0.337
-0.1239
0.1283
-0.2059
-0.5657
-0.3381
-1.367
-1.1666
-1.6333
-1.6285
-1.8441
-2.13
-2.4385
-2.4849
-2.7228
-2.9039
-3.0976
-3.306
-4.2284
-3.6232
-3.9651
-4.1685
-3.8849
-4.1496
-4.7248
-4.4007
-4.9733
-5.1076
-4.5227
-4.0796
-4.467
-4.3357
-3.964
-4.4244
-3.0075
-3.3747
-3.645
-2.3517
-1.8501
-1.5627
-1.5646
-1.3648
-1.338
-0.8137
-0.5921
-0.7922
-0.6955
0.9988
1.2611
0.1691
0.7819
0.7873
0.5272
0.9592
0.4607
0.3379
0.5652
-0.0693
-0.4324
-0.4317
-0.6302
-0.2839
-1.1457
-1.1605
-1.9765
-1.7516
-2.6112
-2.6889
-2.8143
-3.1186
-3.5559
-4.1308
-4.0812
-4.1819
-4.3102
-4.2269
-4.5404
-4.6069
-4.563
-4.525
-4.5682
-4.5453
-4.2473
-4.0909
-3.7295
-3.5536
-4.0164
-3.5676
-3.1702
-2.911
-2.4104
-2.3152
-2.2319
-2.1395
-1.9978
-1.5591
-1.3472
-0.5017
-0.9965
-0.7688
-0.3724
-0.0156
-0.6377
0.1038
0.3577
-0.064
-0.2523
-0.1039
0.2664
-0.1967
0.3454
0.3218
-0.1787
0.1623
-0.564
-0.169
0.0617
-0.6011
-1.3212
-0.7245
-0.7105
-0.949
-1.4776
-1.4281
-1.5117
-1.4243
-1.3525
-1.6939
-1.5285
-2.0187
-1.5975
-2.0669
-2.2438
-1.5305
-1.4092
-1.7717
-1.6578
-1.6923
-1.0745
-0.8195
-1.3976
-0.6479
-0.1851
-1.073
-1.203
-0.7913
-0.5594
-0.6637
-0.8226
-0.6263
-0.0897
-0.5238
-0.9798
-0.4866
-1.0271
-0.7236
-1.0391
-0.9221
-0.7668
-1.37
-1.3572
-1.2549
-1.5303
-1.6963
-2.0859
-1.7701
-1.6481
-1.9418
-2.0105
-2.282
-1.4007
-1.7282
-1.7979
-1.5987
-1.9528
-1.2369
-0.9437
-1.546
-1.3212
-1.2186
-1.3114
-0.8676
-0.875
-0.4696
-0.8244
-0.099
-0.3914
0.1438
-0.2361
-0.0676
-0.536
0.0832
0.0692
0.0414
-0.0327
-0.251
-0.4346
-0.0096
-0.5002
-0.4446
-0.6818
-0.4512
-0.8225
-1.147
-0.6531
-1.3482
-1.1509
-1.3693
-0.9147
-2.0934
-1.5979
-2.2042
-1.8782
-1.5524
-2.2691
-2.2804
-2.2086
-2.291
-2.0073
-2.352
-2.2156
-1.6818
-1.7898
-1.5398
-1.1019
-1.1975
-0.8891
-0.6878
-0.6413
-1.0865
-0.6578
0.1955
0.1789
0.2047
0.0924
0.832
0.1894
0.1452
0.3509
0.4019
0.4124
0.7802
0.2479
0.7588
0.2018
0.2439
0.2172
0.0505
-0.4879
-0.255
-0.8206
-0.2693
-0.7571
-0.8931
-1.2923
-1.5183
-1.2853
-1.0755
-2.1344
-1.7359
-2.0102
-1.343
-1.6733
-1.4555
-1.3338
-1.2196
-1.2768
-1.2158
-0.6358
-0.5665
-0.6868
-0.1695
-0.1488
-0.0847
-0.1289
1.1099
0.4179
1.3563
0.7416
1.4273
1.1946
1.5551
1.4049
1.9355
1.4805
1.4557
0.9447
1.5321
1.2878
1.2724
0.6602
0.9161
0.3102
0.5096
-0.1221
-0.0357
-0.8255
-0.5463
-1.1586
-0.6015
-1.3806
-1.1539
-1.9347
-1.6011
-2.3318
-2.2002
-3.0182
-2.2255
-2.5483
-1.7878
-2.768
-1.7054
-1.5651
-1.0626
-1.7818
-0.8864
-0.5041
0.2679
-0.2793
1.7381
0.8156
0.8341
1.2024
3.2308
3.0273
3.595
4.3895
4.7136
3.7085
5.5311
4.5111
5.5698
5.2557
6.3768
5.9194
6.9477
5.557
5.4312
5.609
5.9707
4.5014
5.0739
3.3612
4.2387
2.4624
3.013
1.6452
3.8765
-0.093
0.7798
-0.9726
0.7691
-1.4487
-1.4492
-1.854
-1.8133
-2.4821
-2.4588
-3.8084
-2.9607
-3.7816
-3.9171
-4.1952
-3.8143
-3.2935
-2.601
-2.6079
-2.3135
-1.8797
-0.9306
-1.9
0.2814
-0.0203
1.9862
1.1079
2.5888
3.1005
4.3001
4.3011
5.6249
4.9263
6.2528
6.0331
7.3992
7.5609
8.1373
8.1564
8.4412
8.4249
8.4825
8.4065
8.9484
8.241
8.4765
7.6313
7.2221
6.138
5.9075
5.621
4.9478
3.8264
2.8753
2.69
1.9563
0.67
-0.6719
0.0211
-0.3113
-1.3056
-1.7618
-2.486
-2.5181
-3.7474
-3.8195
-3.7974
-3.857
-4.494
-5.1603
-5.4891
-5.0776
-5.5596
-5.1684
-5.3099
-4.8109
-4.1595
-3.907
-3.4906
-2.1741
-2.1863
-1.707
-0.8441
-0.4263
-0.0514
0.8217
1.6616
1.7158
2.2693
2.0164
2.8392
3.2155
4.0761
4.0042
4.8444
4.5597
5.6954
4.8973
5.8577
5.2971
5.8476
5.3076
5.8502
5.209
5.6345
4.7655
4.9853
4.7094
4.5512
3.965
3.8338
3.4606
3.0407
2.9122
3.1162
2.8652
3.3441
2.6392
2.8049
2.6876
2.5348
2.5481
3.1034
2.4031
2.8298
2.4259
2.9349
2.5161
3.0637
2.9501
3.6131
2.7949
3.3721
2.8209
3.3895
2.5646
2.9811
2.2911
2.3671
2.0867
0.8543
0.3397
0.493
-0.2446
-0.0287
-2.6168
-1.8424
-2.7901
-3.5511
-4.3798
-5.0074
-7.2244
-6.4159
-7.3063
-7.4226
-8.6565
-8.3932
-8.3485
-8.7136
-9.1454
-8.9346
-8.0013
-7.5918
-7.2579
-6.1427
-6.3134
-4.9702
-3.3048
-2.2079
-1.1492
0.5982
2.1715
4.5448
5.2778
7.6197
9.2854
11.0128
13.2551
15.6208
16.4662
17.9933
19.5321
20.5733
20.9028
21.4529
21.2997
21.6075
21.6953
20.8457
20.6065
19.4169
17.5667
14.1454
13.6948
12.0937
7.5062
6.283
1.0361
-1.9484
-19.3042
0.3049
6.8944
-6.0145
-13.5994
-23.0057
-26.2156
-22.828
-24.1293
-24.5637
-27.4745
-27.2629
-29.0753
-28.4869
-28.6779
-27.9903
-26.1313
-27.0489
-23.0177
-24.5399
-19.1793
-20.6358
-13.6881
-15.4952
-8.954
-8.6317
-0.6742
-1.6122
5.5752
5.7018
13.7804
15.3609
21.533
23.5825
28.0331
30.0086
34.2828
34.6675
37.7488
37.0824
39.3999
39.6072
39.5643
37.7636
37.0773
35.4104
33.3249
29.6889
27.3264
22.5403
20.3045
14.6962
12.4694
6.2062
3.5092
-2.4947
-5.9004
-11.4254
-14.5841
-20.2859
-21.8607
-26.949
-27.954
-32.717
-33.7062
-36.3415
-36.4219
-38.1764
-37.5997
-38.9342
-37.5473
-37.3279
-35.4751
-33.9965
-30.9691
-29.5446
-26.3248
-23.027
-18.9963
-14.9707
-11.6928
-7.1426
-3.0726
1.8464
5.9405
9.8596
14.4681
17.7282
21.6339
25.2881
28.2439
29.6005
33.2915
34.0466
36.4052
37.2921
37.6777
37.1699
37.2741
35.2547
34.8321
31.3348
29.4611
26.3443
23.5752
19.5504
16.801
13.1142
9.857
4.7357
2.2731
-2.6804
-5.8004
-10.7585
-13.8687
-17.3256
-19.7144
-22.4432
-24.5868
-26.1737
-27.6224
-29.3148
-29.1479
-30.4552
-30.4386
-30.2932
-29.5503
-29.6067
-28.4844
-27.5406
-26.1629
-24.4833
-22.6902
-21.5409
-17.5402
-16.3253
-14.0789
-13.0048
-10.7707
-8.0478
-5.9961
-3.5714
-1.4799
1.7307
3.7943
6.5879
9.082
12.5624
12.9441
16.0328
17.4099
19.5851
21.0425
23.2212
24.3235
26.3417
26.5546
27.7305
27.9293
29.0432
28.4133
28.5319
27.8815
27.9682
26.8078
26.0723
24.275
23.1229
20.9727
19.2691
16.7464
14.6506
12.5736
10.5115
6.9712
3.4106
0.5015
-2.3438
-6.7547
-9.1057
-13.7706
-16.5816
-19.171
-24.0331
-26.4283
-28.7286
-32.221
-33.1443
-35.5097
-35.8
-37.0744
-36.5461
-38.0865
-36.7689
-37.8223
-35.9128
-35.6335
-33.1527
-31.551
-28.199
-26.5948
-22.3841
-19.7965
-15.2077
-11.6743
-6.9959
-2.8495
1.7781
7.115
11.7565
14.8179
21.0131
23.4903
28.9192
31.477
35.1213
37.5761
40.9083
41.4885
43.2275
43.0445
43.502
43.1124
42.2429
39.6329
39.19
35.432
32.1665
28.989
24.8608
19.2374
16.952
12.1327
6.3331
0.9245
-2.6379
-7.837
-13.7674
-17.9257
-21.4803
-27.0471
-29.9496
-33.3141
-36.5695
-40.7026
-41.6438
-43.5608
-44.7769
-45.5173
-45.0145
-44.4805
-42.3968
-41.0441
-38.113
-36.0814
-31.726
-28.5648
-24.5635
-19.8542
-14.8487
-10.6195
-4.5088
-0.111
5.4019
9.8005
15.5261
19.2274
22.4387
25.7626
30.104
31.7214
34.3265
35.8577
37.315
37.2867
38.54
37.9874
37.5373
35.8604
34.9699
32.116
30.5556
27.5511
24.8536
22.5317
18.372
15.1623
12.0502
6.7819
3.6413
0.6936
-3.0178
-6.5048
-9.0227
-11.8668
-14.8845
-19.1456
-21.6785
-23.5605
-25.0579
-27.194
-28.3407
-29.1022
-28.6789
-28.8808
-28.7482
-28.5846
-27.8531
-26.9627
-25.2913
-24.6239
-22.6421
-21.1412
-19.0275
-16.7729
-14.3775
-11.9432
-10.5679
-7.3741
-5.0483
-3.4358
-0.9242
1.8077
2.7118
4.4753
6.5699
7.8322
8.8457
10.2683
11.0846
12.2311
12.7196
13.8944
13.5188
14.1545
14.0653
14.5498
14.2827
14.0369
13.6446
14.3946
13.5763
13.6594
12.8653
13.3733
12.2415
11.607
10.4033
10.6668
8.6184
8.6354
7.2744
6.4639
5.037
3.8464
2.4389
1.6091
-0.883
-1.3708
-3.5721
-4.319
-6.6163
-7.8163
-10.6223
-11.2165
-13.8646
-14.9632
-16.8428
-18.0498
-20.3369
-20.2006
-22.3043
-23.1584
-25.041
-24.4118
-25.7405
-25.5225
-26.1516
-25.7316
-25.5562
-24.3028
-24.3193
-23.2435
-22.4928
-19.6705
-18.9672
-16.792
-14.8112
-10.8554
-9.5097
-6.9517
-3.9652
-0.3768
1.0449
4.8121
7.7073
12.1076
13.1757
17.1566
20.6798
23.3644
25.2181
29.4721
30.445
31.6893
31.4547
32.9274
32.2869
32.7119
31.5573
31.3575
29.4589
27.5957
24.933
23.4668
20.0363
17.2991
12.8278
9.7971
4.3226
0.2771
-5.1906
-10.2542
-14.5983
-18.1259
-22.8037
-25.3083
-29.4666
-31.6478
-34.0661
-34.8379
-36.2392
-37.5058
-39.6813
-40.383
-40.8484
-40.7139
-40.4079
-39.0857
-38.1689
-36.4032
-35.0662
-33.2588
-30.3776
-29.1453
-27.4303
-23.1398
-21.6127
-18.4243
-15.0974
-11.0148
-8.8885
-5.2371
-2.2321
0.8186
5.1796
8.9093
10.7794
14.9053
17.5919
20.5123
23.7047
26.7001
27.6632
30.2792
33.1869
34.0503
35.6359
37.5829
38.7991
39.0709
40.5888
41.3362
41.4185
41.3057
41.6107
40.9067
40.5157
40.0392
39.778
38.7079
37.1615
35.6718
33.3376
30.1133
27.8056
23.3888
19.6766
15.8925
12.0895
7.528
2.5662
-2.1561
-7.5501
-13.4097
-18.7781
-24.6362
-30.3342
-37.6407
-42.0347
-48.2502
-54.627
-60.1487
-65.8581
-70.4619
-76.2739
-80.4474
-83.859
-88.2885
-89.3304
-92.4532
-93.3989
-94.7208
-94.2209
-94.0928
-90.6249
-89.2448
-83.95
-78.2829
-72.2427
-65.2902
-56.4687
-48.5715
-38.7523
-28.9417
-16.0405
-5.6729
5.209
15.6458
34.074
42.1471
55.1241
69.3578
84.26
93.2451
105.5563
118.666
130.3086
137.1243
147.2024
153.1717
157.1165
160.2401
161.8588
160.0651
159.3505
153.9233
147.268
135.9963
126.8858
112.8604
100.3801
85.0471
64.4594
47.8809
28.7984
7.666
-14.2059
-35.9933
-58.4774
-79.9963
-105.7888
-130.9721
-151.243
-168.6549
-189.3224
-201.3577
-213.5153
-227.6928
-235.3076
-239.0875
-244.0329
-245.3836
-241.2065
-237.056
-228.1197
-219.8328
-204.7998
-188.1363
-174.2404
-156.3636
-130.2826
-110.6549
-86.4673
-54.3932
-25.9761
-6.8163
30.8067
63.8068
88.3662
113.757
151.0526
173.5829
195.1807
215.9331
242.8107
252.8476
268.3989
280.007
288.0249
292.3098
293.2133
291.8176
287.4389
278.2402
268.2096
253.6524
236.6129
217.8728
194.7682
170.9649
149.8032
120.6889
97.1214
66.7158
32.2587
0.2803
-31.4355
-66.3744
-99.4443
-131.1483
-158.6025
-191.8708
-213.705
-237.587
-264.0268
-278.6436
-290.6243
-302.2171
-307.3276
-312.3892
-313.4293
-313.185
-306.9506
-299.3098
-287.0431
-273.9471
-254.6764
-231.0586
-210.2635
-184.0614
-151.6469
-126.1628
-95.3967
-55.7132
-28.6556
0.0307
37.8204
69.4053
97.3579
123.9138
155.3941
177.9386
199.8145
223.7985
237.5675
253.3796
266.7568
274.2014
281.6821
284.7652
286.4492
285.0903
282.7391
277.7619
272.6466
260.3794
249.5198
239.1958
222.8477
204.7625
190.8205
168.8525
149.959
126.8898
103.325
80.1211
53.7983
30.617
8.7723
-19.4623
-47.1009
-74.6578
-97.4283
-127.234
-157.2206
-175.9649
-203.2536
-230.3715
-249.1417
-274.12
-288.4466
-314.7651
-330.6378
-344.3583
-358.024
-368.3287
-374.7051
-381.0591
-381.0952
-378.8588
-371.8989
-361.3195
-344.4348
-325.8436
-300.995
-270.0725
-237.2084
-205.0433
-159.4358
-118.3986
-67.6197
-11.9635
29.7938
91.9507
159.2972
210.3734
266.993
334.8548
400.8081
436.8749
499.6061
557.6755
600.7055
641.3094
669.9412
690.4372
696.7126
696.4882
687.238
668.9195
647.802
606.1104
567.5087
505.0954
444.9744
374.0515
286.2351
217.256
108.2267
11.0026
-91.5012
-188.7848
-285.2979
-400.8541
-493.0375
-585.7976
-696.1789
-759.0291
-856.0615
-920.7544
-970.1437
-1016.3565
-1045.575
-1066.065
-1061.4723
-1040.4918
-995.5609
-957.9809
-889.9026
-799.6454
-703.099
-604.9825
-480.6647
-361.5984
-211.4933
-81.315
77.1585
232.0861
389.9759
514.3396
647.0097
789.011
907.1754
986.1056
1097.956
1170.7133
1222.4222
1256.2601
1281.357
1270.1185
1253.4698
1204.9945
1133.6342
1075.7145
942.9417
820.9406
699.472
544.8922
341.2934
178.0785
32.7769
-179.8352
-326.0523
-458.0232
-603.0191
-740.4974
-870.8422
-967.5036
-1059.2634
-1159.3636
-1224.6448
-1251.2852
-1265.9065
-1239.9294
-1207.3405
-1146.2457
-1056.2554
-984.254
-898.3791
-757.5087
-645.9089
-537.344
-358.3894
-234.2761
-97.4166
51.3486
208.0062
332.295
460.7042
582.6665
688.4289
789.6467
852.9287
898.2664
948.7967
957.1507
949.465
927.5497
870.1562
825.134
746.5829
640.8899
560.9019
462.6204
336.0717
231.6389
127.2913
-4.0629
-104.4194
-190.3569
-293.0724
-365.4588
-428.1634
-482.5681
-517.0091
-531.4599
-538.6004
-525.5612
-502.9502
-461.1333
-404.5529
-353.7979
-278.7328
-205.1885
-113.1872
-47.5146
32.9475
118.8842
182.2936
239.753
290.2793
326.0763
352.0619
356.9078
354.163
337.0827
308.4277
265.1979
212.3225
145.611
85.1875
10.2866
-81.8787
-152.8919
-222.7071
-296.3451
-355.1245
-406.04
-435.5235
-469.2122
-492.0787
-496.9777
-488.9913
-467.5759
-437.0823
-404.8595
-341.3435
-274.3996
-214.6196
-136.5001
-41.0403
24.5084
110.6837
196.9559
262.2019
331.5344
393.306
441.8459
490.2475
520.2497
540.817
541.8057
537.2114
521.9581
501.116
465.5847
415.7948
366.0039
316.6122
244.4434
160.1278
101.6364
33.0778
-45.6466
-99.2242
-148.9034
-201.9102
-239.8268
-269.2345
-297.1931
-313.2006
-323.284
-329.4748
-329.0207
-320.4103
-312.562
-295.6478
-272.0093
-250.5576
-230.2559
-204.425
-174.6283
-150.3332
-134.696
-105.4543
-85.3241
-72.1397
-53.3618
-40.3683
-31.7526
-21.3397
-10.1968
-3.6976
2.8803
12.3976
19.2493
25.4857
37.1934
49.4564
56.9226
69.4305
88.3715
99.3242
113.618
132.2949
149.1374
164.9476
177.8419
185.7296
190.499
203.3896
204.2585
203.1509
200.9483
186.2598
174.2624
161.2279
141.481
113.8469
94.6963
68.1692
38.0598
7.3475
-21.2119
-48.8788
-80.336
-105.9322
-134.5443
-150.4987
-167.0538
-178.3331
-182.5444
-181.6047
-176.3934
-167.0982
-156.5305
-146.0943
-116.4875
-106.2202
-91.6601
-62.0152
-41.4312
-36.8337
-16.9388
-4.4425
15.918
19.7863
30.6198
35.3655
42.7514
44.6221
46.0563
46.0216
44.8611
44.1368
40.697
37.9197
34.6138
31.4789
29.1127
26.5441
25.1511
24.3578
24.7941
25.1353
27.1034
27.2866
29.5115
30.2916
32.3469
32.323
33.8752
33.7925
32.9537
31.3926
29.254
25.7864
23.1991
17.8259
12.674
8.4112
3.7276
-1.5145
-4.4159
-9.471
-12.3031
-15.4184
-17.2253
-18.3823
-17.6917
-17.7538
-15.2858
-13.3637
-10.6794
-5.8148
-2.3351
0.3977
4.5622
7.484
10.3964
10.9228
12.1503
12.499
12.2947
10.4518
9.3048
5.7038
1.8692
-1.2622
-5.369
-10.7188
-14.2867
-19.1992
-22.0069
-26.2962
-27.4589
-29.5159
-30.8961
-31.3426
-30.67
-29.7153
-28.33
-26.0288
-22.8053
-18.7392
-16.3572
-12.8514
-6.8866
-4.6648
-1.2946
2.8117
5.91
8.6938
11.1257
13.0294
14.7573
17.1414
18.45
19.2094
20.7069
22.3423
22.8104
24.0064
25.5868
26.5416
27.8996
29.1216
29.9783
30.6032
31.0767
31.5649
31.7957
30.9332
30.0595
29.0121
26.8241
25.08
21.931
19.3868
15.5751
10.0486
6.984
2.2323
-3.6913
-8.4361
-11.8108
-17.5334
-20.4889
-23.8728
-27.2061
-28.6395
-29.4592
-31.1709
-30.8576
-30.6312
-29.0777
-26.8765
-26.0195
-23.2724
-20.8245
-20.3512
-17.4207
-14.5574
-13.4975
-10.5621
-8.3486
-6.2918
-3.9566
-2.1692
-0.1222
0.9113
4.2082
5.4998
7.6659
9.7492
12.0397
13.9056
16.1279
18.177
19.8818
21.3224
22.7043
23.9485
24.292
24.4989
24.2651
23.6976
23.6545
22.4927
20.8236
20.2035
18.4358
16.9137
15.0386
13.2071
11.5941
11.3009
8.6632
7.0054
5.771
4.6523
2.9398
1.567
1.5069
0.6343
-1.163
-1.8758
-2.6644
-4.1805
-4.5744
-6.3452
-7.2987
-8.1619
-8.9575
-10.4641
-11.5333
-11.9674
-12.5237
-14.3025
-15.1628
-16.1752
-16.7087
-17.095
-17.6513
-17.9402
-18.0223
-18.5535
-17.3534
-16.944
-15.4059
-14.6115
-13.1219
-11.6747
-10.5742
-9.2794
-7.4981
-5.4501
-3.165
-1.699
1.143
3.5338
5.7508
7.8694
10.7805
13.3379
15.6266
18.217
20.5036
22.2989
24.3924
26.7759
27.6322
29.3837
30.5812
31.221
32.5254
31.6974
32.6307
31.01
31.0703
29.3481
27.7447
25.2949
22.1491
18.8202
16.4155
11.7303
7.2543
4.1986
0.671
-5.5549
-9.1019
-13.184
-17.077
-22.5451
-24.4987
-27.8935
-31.9035
-33.7896
-35.0934
-36.8176
-37.4726
-38.9376
-38.5562
-39.0815
-37.6592
-36.8392
-34.9151
-32.4901
-28.4632
-24.9537
-22.4958
-16.3087
-12.1463
-9.4707
-3.4345
0.8714
3.8763
9.1763
13.2638
17.81
23.098
27.8206
32.052
36.5673
40.3992
42.0237
45.367
47.2613
48.0518
47.6271
47.533
46.1951
44.402
42.3796
38.6693
36.044
33.416
28.5281
25.1123
21.2169
16.1609
10.2374
5.3398
-0.7828
-6.2353
-12.0553
-17.5507
-24.1938
-26.9008
-31.2903
-37.2699
-38.9362
-41.3667
-44.1984
-44.4333
-45.0333
-44.6566
-44.2406
-42.8771
-40.4028
-36.906
-34.408
-29.9758
-25.5822
-22.3254
-17.3747
-11.357
-7.4493
-2.984
3.5872
7.9349
11.6774
16.2466
21.057
23.9599
26.2824
29.8622
32.0249
33.0007
35.5651
37.4104
37.4084
38.8736
39.3421
39.3867
38.798
38.1422
35.8577
34.585
32.0499
29.6311
28.0471
23.9128
20.4288
17.5759
13.7844
9.039
6.1984
3.6407
-1.2946
-4.7533
-7.4449
-10.4918
-13.175
-17.9401
-18.7799
-21.5851
-22.4666
-23.7293
-25.1282
-25.8885
-26.2746
-26.493
-27.6396
-27.4177
-27.2282
-26.9021
-26.4188
-26.1736
-25.1136
-24.1706
-22.5575
-21.9094
-20.8106
-19.0637
-16.7969
-14.4792
-12.9058
-11.4108
-7.8278
-6.4556
-3.9426
-0.5772
2.107
4.0032
6.4501
8.7818
11.2793
12.1222
15.1872
16.89
19.4381
20.9588
22.6277
23.7507
25.4886
26.5487
27.7162
28.4151
29.1838
29.3304
29.1949
28.139
27.8334
26.0475
24.0876
23.0192
20.8516
18.5236
16.4725
14.3309
11.53
8.7963
6.007
3.0573
0.2771
-3.1257
-6.1628
-9.5597
-12.2983
-15.6236
-17.8607
-21.2537
-23.4176
-25.6563
-27.2294
-29.1505
-30.4677
-31.7944
-32.6153
-32.9452
-32.6979
-32.3883
-31.5626
-29.9503
-28.3586
-26.791
-23.9238
-21.5247
-18.6526
-15.3509
-11.0659
-8.5765
-3.4325
0.5574
4.9699
9.2672
12.682
16.4453
20.1639
23.5879
26.0257
28.8173
31.2726
32.6897
34.3793
35.0282
36.234
36.4216
36.5231
35.615
34.7989
33.2511
30.9324
29.0985
26.8146
22.7796
19.6966
16.5081
12.1929
8.9127
5.5585
1.2523
-2.9228
-6.6388
-10.7247
-15.1857
-17.7243
-22.0991
-25.12
-27.648
-28.6331
-30.7213
-31.3302
-31.5309
-31.4036
-30.9549
-29.6708
-28.5942
-24.8255
-20.8445
-17.1092
-14.6059
-10.6827
-7.9945
-4.2916
-0.7754
2.0199
4.5787
7.4989
9.2587
11.8723
13.8484
16.9698
17.6511
20.2589
22.3269
23.7194
23.9795
25.0769
25.9382
26.1474
26.2054
26.2376
25.0926
24.4916
22.4308
20.7035
18.2733
16.5986
13.7618
11.6231
8.5114
6.3422
3.452
1.0878
-1.6245
-3.087
-5.7252
-7.5258
-9.1127
-11.3353
-12.7776
-13.3471
-14.3958
-14.9352
-15.0494
-15.0561
-15.5471
-14.8826
-14.6725
-13.4542
-12.9094
-11.5173
-10.6105
-9.1769
-7.8222
-5.8592
-4.8316
-3.2687
-1.1988
0.3982
1.4577
3.6578
4.5986
5.8723
7.1268
8.0106
7.9903
8.811
9.1656
8.8589
8.7196
9.3972
7.8045
7.7352
6.8889
6.108
5.1429
5.1
3.3045
3.1577
1.8448
0.8059
-0.2006
-1.1415
-1.3321
-2.0744
-3.0922
-2.9466
-3.4537
-3.5144
-4.1341
-3.5807
-3.9619
-3.024
-3.032
-2.6771
-2.2692
-1.5541
-0.7275
0.4296
0.43
1.2112
1.475
2.8028
3.4584
3.8987
4.2388
5.1497
5.4109
5.5834
5.5576
5.6576
6.0545
6.2512
5.3403
5.3636
4.9217
4.2884
3.2079
3.0578
1.8506
1.2339
0.1915
0.0201
-1.8647
-2.2506
-3.0487
-3.8868
-4.4661
-4.8995
-5.9889
-5.9539
-6.4002
-6.4209
-6.3533
-6.9655
-6.9512
-6.248
-5.8559
-5.0432
-4.7798
-3.8194
-3.6145
-1.67
-1.3965
-0.5952
0.2926
1.4353
1.8376
3.2887
3.8208
5.1554
5.2249
6.4999
6.8295
7.6786
4.2999
6.6188
7.4229
7.5238
6.9074
7.4601
6.5821
6.5763
5.5519
5.5623
4.2831
3.9121
2.7631
1.6643
0.8557
0.3231
-1.0692
-1.6344
-2.4169
-3.4284
-4.4934
-4.843
-5.1462
-5.5646
-6.5364
-6.5311
-7.2699
-7.0289
-7.3547
-6.7495
-7.246
-6.8563
-7.4753
-6.4608
-6.0288
-5.6052
-5.489
-3.0025
-5.3055
-4.6879
-3.7235
-2.2413
-3.5305
-1.5964
-0.95
-0.6048
0.1131
0.7054
0.9735
2.3635
2.3311
2.79
3.0907
3.3838
3.4912
3.8302
4.1225
4.0152
3.7299
3.8059
3.3014
3.9115
3.1259
2.5679
2.2357
1.8112
1.1917
0.725
0.4691
0.1697
-0.3167
-0.7805
-1.3469
-1.839
-2.2393
-2.8884
-3.1664
-3.078
-3.9979
-4.1495
-4.8108
-5.1746
-5.1813
-5.4036
-5.3965
-5.33
-5.0692
-5.1974
-4.4002
-4.5724
-4.3235
-4.1395
-3.9428
-3.3961
-2.7324
-2.8257
-2.3456
-1.9353
-1.5896
-0.4652
-0.8306
0.2755
-0.0387
0.8855
1.265
1.6576
1.783
1.7693
1.2784
1.8653
1.512
1.6409
2.0818
2.375
1.6759
1.9554
1.6589
1.4072
1.2229
1.1712
0.8344
0.6647
-0.2387
-0.4715
-0.6096
-0.8267
-2.2107
-1.6407
-2.6169
-2.5062
-2.715
-2.7577
-2.982
-2.1056
-2.5342
-2.4134
-2.2762
-1.6996
-1.2352
-0.7814
-0.4998
-0.337
-0.2639
-0.0504
-0.065
0.003
-0.2763
-0.0018
0.2699
0.7753
0.6189
0.5257
0.7184
1.0684
0.8478
1.5932
1.4897
1.8322
1.7673
1.6042
2.1316
1.6673
1.5472
1.3769
1.053
1.3683
1.1344
1.2694
0.8332
0.6461
-0.0849
0.2671
-0.0384
-0.4694
-0.5784
-0.5187
-1.1299
-1.6323
-1.1318
-1.6048
-1.5338
-1.7632
-1.5284
-1.3546
-1.6786
-1.2393
-1.7476
-1.1724
-0.9674
-0.8503
-0.5501
-0.5707
-0.2084
-0.1918
0.3428
0.4284
0.3813
0.5488
0.9541
1.3315
1.3639
1.6891
1.9674
1.9048
2.1173
2.5768
2.7824
2.1289
2.8517
1.7298
2.2328
2.285
2.4776
2.1915
2.0536
1.9261
1.9959
1.9399
1.5817
1.8866
1.6558
1.0033
1.4707
1.5951
1.1573
0.9772
0.8552
0.876
1.0514
0.6085
0.979
0.9585
0.4507
0.3715
0.7911
1.1372
1.0012
1.0556
1.2037
0.8616
1.469
1.3616
2.0861
1.2524
2.209
1.3073
2.0815
1.614
1.6118
1.9499
2.3993
1.7015
2.573
2.4506
2.3439
2.4468
2.7537
2.1858
2.3466
2.3687
2.3055
2.4504
2.2593
1.7807
1.7743
1.4584
2.6175
1.6242
2.3833
1.7575
2.4484
1.6572
2.3283
2.1423
2.3735
2.3272
2.7428
2.4803
2.2674
2.1011
2.6116
2.4418
2.3639
2.1963
2.9431
2.4238
2.9442
3.0767
3.4004
3.0631
2.7262
2.789
3.2165
2.9857
2.9883
2.5734
2.4554
1.7462
1.9661
1.7477
1.3987
1.2386
1.4882
1.328
0.8606
0.3575
0.4513
0.0844
0.2175
-0.0981
0.5197
0.1607
0.1922
-0.2045
0.283
-0.105
0.168
-0.164
0.7674
-0.0528
0.5812
0.4508
1.3514
0.827
1.3051
1.4337
1.8767
1.4379
2.1981
2.1112
2.8529
3.1231
3.8232
3.6893
3.8772
4.0618
4.8055
4.4944
4.9841
4.5595
4.884
5.2206
5.6052
5.1364
5.4093
4.6305
5.0334
3.806
3.6973
3.7237
3.4776
3.0866
3.7099
3.1245
3.5059
2.9727
3.4263
3.4601
3.6703
3.433
3.3614
2.9689
3.0628
2.347
1.7321
1.4008
1.3787
0.4183
1.7258
1.0988
1.5853
1.3239
1.0015
1.0746
1.0138
0.8569
2.2133
1.9187
2.9707
3.2192
3.5725
4.1678
4.6894
4.4292
5.3348
4.6681
5.5402
5.0841
5.4597
5.146
5.7726
5.2265
5.167
5.2677
5.8029
5.1482
5.269
4.6829
4.5039
4.4986
4.7187
4.2198
3.9263
3.9696
3.8057
2.8737
3.0937
2.1561
2.2699
2.4659
2.8619
2.3062
2.6153
1.6136
1.8061
1.8965
1.4557
1.4626
2.3072
1.7334
1.959
2.0213
1.9333
1.9381
2.2213
2.7042
2.427
3.1519
2.432
2.4898
2.8309
2.6925
3.1582
3.3569
3.7818
3.5635
4.3844
4.418
4.5142
3.6061
4.3616
4.8017
5.3936
5.0781
5.2257
5.5066
4.9957
4.7043
4.6955
3.8131
3.6404
2.8743
2.9187
2.7763
2.9141
2.6193
2.8143
3.0527
3.5399
3.1604
3.2667
3.2305
3.4287
2.5474
3.0636
3.0052
3.5237
3.3851
4.4226
4.1477
4.767
4.7057
5.322
4.5392
4.8468
4.2208
4.5109
4.0535
3.8614
3.4567
3.0823
3.2311
4.0252
3.6842
4.6014
4.2047
4.6943
4.2622
4.6668
3.7699
3.1803
2.6206
2.5284
2.5268
2.2043
1.504
2.0989
2.0277
2.1266
2.4224
2.898
2.8531
3.2289
2.8165
2.6236
2.7893
2.2528
2.1863
1.5299
0.8914
1.7858
1.2771
1.749
1.9268
2.1997
2.332
2.7446
2.8174
2.6166
3.1648
2.8197
2.6308
2.3271
2.3913
3.0904
2.5571
2.8262
3.5301
3.5244
3.8208
4.1955
4.1879
5.0658
4.5412
4.4896
4.438
3.9529
3.7521
3.3845
3.1492
3.0406
2.8635
2.55
2.5726
2.4232
2.353
2.9123
2.3771
3.0049
3.2127
2.622
2.5843
2.4604
1.8674
1.8227
1.4865
1.8408
1.6602
1.7112
1.5491
1.4928
1.7847
2.2863
2.4595
3.1532
3.1811
3.7414
4.1352
4.3799
4.9215
5.5458
6.743
7.4198
8.4715
9.393
10.4589
9.7522
8.7135
6.2491
4.6194
3.5243
3.2199
2.9147
3.531
3.3686
2.9748
3.8994
4.0977
4.1439
4.9767
5.2734
5.9754
6.5204
6.8065
6.5067
5.3744
4.0875
3.2778
2.3342
2.0055
1.9854
2.1859
1.9634
1.7899
2.8232
4.2197
4.5862
5.0712
5.5552
5.6624
4.8668
4.7242
4.1437
3.9996
3.0884
2.9261
3.207
3.1555
3.0019
3.2979
3.8872
4.3872
5.0894
5.4165
6.5038
6.4548
6.7419
6.3354
6.1586
5.6795
5.071
3.8646
3.9579
2.9227
3.1303
3.0421
2.7841
3.2994
3.121
3.1639
3.3656
4.1288
4.2621
4.3269
4.4649
4.4383
4.1179
4.3739
4.0446
3.686
3.8107
3.4299
3.0169
2.806
2.5211
2.1753
2.2754
2.1158
2.6465
2.2757
3.2017
3.378
4.018
4.3797
4.7745
4.9941
5.2025
5.1179
5.2733
5.1095
5.3057
5.5353
6.0668
6.141
6.3392
6.0556
6.2303
5.3252
4.7354
4.8074
4.0642
4.3572
4.4906
4.035
3.9421
4.1244
4.6711
4.9808
4.7338
5.1307
4.8585
4.6221
4.9018
4.6771
5.0579
4.5479
4.2696
4.138
4.1895
3.8207
4.1593
3.635
3.5147
3.3118
2.7918
2.8027
3.2482
3.3933
3.3815
3.2837
4.0104
4.4086
4.845
4.9175
4.4402
3.9216
3.73
3.6216
4.189
3.625
3.3764
4.1126
3.5644
4.2543
3.7767
3.5547
3.7563
3.9024
3.8037
3.5579
3.6823
3.4947
3.794
3.2554