  1.500000e+02  -7.619737e+01 
  1.544304e+02  -8.058160e+01 
  1.588608e+02  -8.013114e+01 
  1.632911e+02  -7.880043e+01 
  1.677215e+02  -8.239597e+01 
  1.721519e+02  -8.133524e+01 
  1.765823e+02  -8.103851e+01 
  1.810127e+02  -8.154628e+01 
  1.854430e+02  -8.155070e+01 
  1.898734e+02  -8.146619e+01 
  1.943038e+02  -8.148244e+01 
  1.987342e+02  -8.158747e+01 
  2.031646e+02  -8.153001e+01 
  2.075949e+02  -8.144668e+01 
  2.120253e+02  -8.148103e+01 
  2.164557e+02  -8.155724e+01 
  2.208861e+02  -8.160714e+01 
  2.253165e+02  -8.167728e+01 
  2.297468e+02  -8.177818e+01 
  2.341772e+02  -8.165346e+01 
  2.386076e+02  -8.158564e+01 
  2.430380e+02  -8.167465e+01 
  2.474684e+02  -8.168340e+01 
  2.518987e+02  -8.166432e+01 
  2.563291e+02  -8.174872e+01 
  2.607595e+02  -8.173067e+01 
  2.651899e+02  -8.173875e+01 
  2.696202e+02  -8.175399e+01 
  2.740506e+02  -8.178323e+01 
  2.784810e+02  -8.179329e+01 
  2.829114e+02  -8.170939e+01 
  2.873418e+02  -8.170015e+01 
  2.917722e+02  -8.153970e+01 
  2.962025e+02  -8.145689e+01 
  3.006329e+02  -8.127952e+01 
  3.050633e+02  -8.101943e+01 
  3.094937e+02  -8.059679e+01 
  3.139240e+02  -7.990413e+01 
  3.183544e+02  -7.864990e+01 
  3.227848e+02  -7.581775e+01 
  3.272152e+02  -6.499989e+01 
  3.316456e+02  -7.521764e+01 
  3.360760e+02  -8.400144e+01 
  3.405063e+02  -8.451456e+01 
  3.449367e+02  -8.160776e+01 
  3.493671e+02  -6.808107e+01 
  3.537975e+02  -7.249950e+01 
  3.582278e+02  -7.763394e+01 
  3.626582e+02  -8.021120e+01 
  3.670886e+02  -8.131077e+01 
  3.715190e+02  -8.208862e+01 
  3.759494e+02  -8.444963e+01 
  3.803798e+02  -8.296777e+01 
  3.848101e+02  -8.377196e+01 
  3.892405e+02  -8.505460e+01 
  3.936709e+02  -8.868198e+01 
  3.981013e+02  -7.723984e+01 
  4.025316e+02  -7.057762e+01 
  4.069620e+02  -7.516121e+01 
  4.113924e+02  -7.468417e+01 
  4.158228e+02  -6.699399e+01 
  4.202532e+02  -8.304507e+01 
  4.246835e+02  -8.905670e+01 
  4.291139e+02  -8.589795e+01 
  4.335443e+02  -8.500540e+01 
  4.379747e+02  -8.439845e+01 
  4.424051e+02  -8.416584e+01 
  4.468354e+02  -8.390935e+01 
  4.512658e+02  -8.388647e+01 
  4.556962e+02  -8.381434e+01 
  4.601266e+02  -8.378242e+01 
  4.645570e+02  -8.365592e+01 
  4.689873e+02  -8.372280e+01 
  4.734177e+02  -8.369875e+01 
  4.778481e+02  -8.370988e+01 
  4.822785e+02  -8.373209e+01 
  4.867089e+02  -8.372315e+01 
  4.911393e+02  -8.373042e+01 
  4.955696e+02  -8.376645e+01 
  5.000000e+02  -8.373779e+01 