1.000E+3	3.499E-1	1.187E-4	3.392E-4	7.250E+1
1.050E+3	3.493E-1	1.244E-4	3.560E-4	7.159E+1
1.100E+3	3.487E-1	1.300E-4	3.728E-4	7.069E+1
1.150E+3	3.481E-1	1.356E-4	3.895E-4	6.978E+1
1.200E+3	3.474E-1	1.412E-4	4.064E-4	6.886E+1
1.250E+3	3.468E-1	1.467E-4	4.231E-4	6.793E+1
1.300E+3	3.460E-1	1.522E-4	4.397E-4	6.702E+1
1.350E+3	3.456E-1	1.589E-4	4.597E-4	6.698E+1
1.400E+3	3.449E-1	1.647E-4	4.775E-4	6.630E+1
1.450E+3	3.450E-1	1.740E-4	5.044E-4	6.803E+1
1.500E+3	3.442E-1	1.799E-4	5.227E-4	6.720E+1
1.550E+3	3.435E-1	1.858E-4	5.410E-4	6.636E+1
1.600E+3	3.426E-1	1.916E-4	5.592E-4	6.552E+1
1.650E+3	3.418E-1	1.974E-4	5.776E-4	6.465E+1
1.700E+3	3.410E-1	2.033E-4	5.961E-4	6.378E+1
1.750E+3	3.401E-1	2.090E-4	6.144E-4	6.291E+1
1.800E+3	3.392E-1	2.148E-4	6.332E-4	6.201E+1
1.850E+3	3.383E-1	2.205E-4	6.518E-4	6.111E+1
1.900E+3	3.374E-1	2.263E-4	6.708E-4	6.020E+1
1.950E+3	3.364E-1	2.320E-4	6.894E-4	5.927E+1
2.000E+3	3.354E-1	2.376E-4	7.082E-4	5.833E+1
2.050E+3	3.344E-1	2.432E-4	7.272E-4	5.737E+1
2.100E+3	3.335E-1	2.489E-4	7.463E-4	5.642E+1
2.150E+3	3.324E-1	2.544E-4	7.655E-4	5.544E+1
2.200E+3	3.313E-1	2.600E-4	7.847E-4	5.444E+1
2.250E+3	3.302E-1	2.655E-4	8.040E-4	5.342E+1
2.300E+3	3.292E-1	2.711E-4	8.235E-4	5.238E+1
2.350E+3	3.280E-1	2.765E-4	8.430E-4	5.133E+1
2.400E+3	3.269E-1	2.821E-4	8.629E-4	5.026E+1
2.450E+3	3.257E-1	2.875E-4	8.828E-4	4.914E+1
2.500E+3	3.245E-1	2.930E-4	9.028E-4	4.800E+1
2.550E+3	3.233E-1	2.984E-4	9.230E-4	4.684E+1
2.600E+3	3.221E-1	3.039E-4	9.437E-4	4.563E+1
2.650E+3	3.208E-1	3.093E-4	9.644E-4	4.435E+1
2.700E+3	3.195E-1	3.149E-4	9.857E-4	4.302E+1
2.750E+3	3.181E-1	3.204E-4	1.007E-3	4.161E+1
2.800E+3	3.166E-1	3.262E-4	1.030E-3	4.011E+1
2.850E+3	3.151E-1	3.320E-4	1.054E-3	3.845E+1
2.900E+3	3.135E-1	3.380E-4	1.078E-3	3.659E+1
2.950E+3	3.117E-1	3.444E-4	1.105E-3	3.442E+1
3.000E+3	3.096E-1	3.512E-4	1.135E-3	3.167E+1
3.050E+3	3.071E-1	3.584E-4	1.167E-3	2.776E+1
3.100E+3	3.040E-1	3.627E-4	1.193E-3	2.013E+1
3.150E+3	3.182E-1	2.478E-4	7.788E-4	-2.850E+0
3.200E+3	3.328E-1	1.580E-4	4.749E-4	1.976E+1
3.250E+3	3.340E-1	1.854E-4	5.552E-4	4.179E+1
3.300E+3	3.308E-1	2.297E-4	6.942E-4	4.703E+1
3.350E+3	3.267E-1	2.648E-4	8.107E-4	4.643E+1
3.400E+3	3.228E-1	2.902E-4	8.990E-4	4.426E+1
3.450E+3	3.195E-1	3.083E-4	9.650E-4	4.181E+1
3.500E+3	3.168E-1	3.217E-4	1.015E-3	3.948E+1
3.550E+3	3.145E-1	3.318E-4	1.055E-3	3.732E+1
3.600E+3	3.126E-1	3.400E-4	1.088E-3	3.537E+1
3.650E+3	3.109E-1	3.467E-4	1.115E-3	3.358E+1
3.700E+3	3.095E-1	3.523E-4	1.138E-3	3.189E+1
3.750E+3	3.081E-1	3.572E-4	1.159E-3	3.032E+1
3.800E+3	3.070E-1	3.615E-4	1.178E-3	2.881E+1
3.850E+3	3.059E-1	3.654E-4	1.195E-3	2.737E+1
3.900E+3	3.059E-1	3.602E-4	1.178E-3	2.526E+1
3.950E+3	3.049E-1	3.638E-4	1.193E-3	2.399E+1
4.000E+3	3.042E-1	3.666E-4	1.205E-3	2.272E+1
4.050E+3	3.033E-1	3.696E-4	1.218E-3	2.150E+1
4.100E+3	3.026E-1	3.721E-4	1.229E-3	2.029E+1
4.150E+3	3.020E-1	3.742E-4	1.239E-3	1.908E+1
4.200E+3	3.014E-1	3.763E-4	1.248E-3	1.791E+1
4.250E+3	3.009E-1	3.780E-4	1.256E-3	1.674E+1
4.300E+3	3.003E-1	3.798E-4	1.265E-3	1.558E+1
4.350E+3	2.998E-1	3.815E-4	1.272E-3	1.447E+1
4.400E+3	2.995E-1	3.827E-4	1.278E-3	1.334E+1
4.450E+3	2.990E-1	3.840E-4	1.284E-3	1.224E+1
4.500E+3	2.987E-1	3.851E-4	1.289E-3	1.114E+1
4.550E+3	2.984E-1	3.859E-4	1.293E-3	1.006E+1
4.600E+3	2.981E-1	3.868E-4	1.297E-3	9.003E+0
4.650E+3	2.979E-1	3.875E-4	1.301E-3	7.946E+0
4.700E+3	2.977E-1	3.882E-4	1.304E-3	6.905E+0
4.750E+3	2.975E-1	3.888E-4	1.307E-3	5.876E+0
4.800E+3	2.974E-1	3.892E-4	1.309E-3	4.852E+0
4.850E+3	2.972E-1	3.896E-4	1.311E-3	3.853E+0
4.900E+3	2.972E-1	3.897E-4	1.311E-3	2.861E+0
4.950E+3	2.971E-1	3.899E-4	1.312E-3	1.879E+0
5.000E+3	2.971E-1	3.900E-4	1.313E-3	9.177E-1
5.050E+3	2.971E-1	3.901E-4	1.313E-3	-4.792E-2
5.100E+3	2.971E-1	3.900E-4	1.313E-3	-9.890E-1
5.150E+3	2.972E-1	3.899E-4	1.312E-3	-1.916E+0
5.200E+3	2.972E-1	3.897E-4	1.311E-3	-2.843E+0
5.250E+3	2.973E-1	3.894E-4	1.310E-3	-3.745E+0
5.300E+3	2.974E-1	3.891E-4	1.308E-3	-4.642E+0
5.350E+3	2.975E-1	3.887E-4	1.306E-3	-5.526E+0
5.400E+3	2.977E-1	3.882E-4	1.304E-3	-6.395E+0
5.450E+3	2.978E-1	3.878E-4	1.302E-3	-7.262E+0
5.500E+3	2.980E-1	3.871E-4	1.299E-3	-8.100E+0
5.550E+3	2.982E-1	3.865E-4	1.296E-3	-8.935E+0
5.600E+3	2.984E-1	3.858E-4	1.293E-3	-9.762E+0
5.650E+3	2.986E-1	3.851E-4	1.290E-3	-1.057E+1
5.700E+3	2.989E-1	3.845E-4	1.287E-3	-1.139E+1
5.750E+3	2.992E-1	3.837E-4	1.282E-3	-1.217E+1
5.800E+3	2.994E-1	3.829E-4	1.279E-3	-1.294E+1
5.850E+3	2.997E-1	3.819E-4	1.275E-3	-1.371E+1
5.900E+3	3.000E-1	3.809E-4	1.270E-3	-1.447E+1
5.950E+3	3.003E-1	3.800E-4	1.265E-3	-1.521E+1
6.000E+3	3.006E-1	3.792E-4	1.262E-3	-1.595E+1
6.050E+3	3.009E-1	3.781E-4	1.257E-3	-1.668E+1
