1.000E+3	3.445E-1	1.628E-4	4.724E-4	6.451E+1
1.050E+3	3.435E-1	1.697E-4	4.942E-4	6.323E+1
1.100E+3	3.424E-1	1.766E-4	5.156E-4	6.196E+1
1.150E+3	3.414E-1	1.834E-4	5.370E-4	6.071E+1
1.200E+3	3.404E-1	1.899E-4	5.580E-4	5.948E+1
1.250E+3	3.393E-1	1.963E-4	5.785E-4	5.820E+1
1.300E+3	3.381E-1	2.025E-4	5.989E-4	5.695E+1
1.350E+3	3.371E-1	2.086E-4	6.188E-4	5.567E+1
1.400E+3	3.359E-1	2.145E-4	6.385E-4	5.440E+1
1.450E+3	3.348E-1	2.202E-4	6.578E-4	5.315E+1
1.500E+3	3.337E-1	2.258E-4	6.768E-4	5.189E+1
1.550E+3	3.326E-1	2.314E-4	6.957E-4	5.066E+1
1.600E+3	3.315E-1	2.366E-4	7.137E-4	4.939E+1
1.650E+3	3.304E-1	2.418E-4	7.320E-4	4.818E+1
1.700E+3	3.293E-1	2.468E-4	7.494E-4	4.691E+1
1.750E+3	3.282E-1	2.517E-4	7.669E-4	4.569E+1
1.800E+3	3.271E-1	2.563E-4	7.837E-4	4.444E+1
1.850E+3	3.260E-1	2.610E-4	8.005E-4	4.323E+1
1.900E+3	3.250E-1	2.653E-4	8.164E-4	4.197E+1
1.950E+3	3.240E-1	2.696E-4	8.323E-4	4.074E+1
2.000E+3	3.229E-1	2.736E-4	8.473E-4	3.949E+1
2.050E+3	3.219E-1	2.777E-4	8.625E-4	3.826E+1
2.100E+3	3.210E-1	2.813E-4	8.765E-4	3.700E+1
2.150E+3	3.200E-1	2.850E-4	8.906E-4	3.574E+1
2.200E+3	3.190E-1	2.886E-4	9.045E-4	3.450E+1
2.250E+3	3.181E-1	2.920E-4	9.179E-4	3.326E+1
2.300E+3	3.172E-1	2.954E-4	9.313E-4	3.203E+1
2.350E+3	3.163E-1	2.983E-4	9.431E-4	3.074E+1
2.400E+3	3.155E-1	3.013E-4	9.552E-4	2.947E+1
2.450E+3	3.146E-1	3.042E-4	9.670E-4	2.819E+1
2.500E+3	3.138E-1	3.071E-4	9.785E-4	2.690E+1
2.550E+3	3.130E-1	3.097E-4	9.895E-4	2.557E+1
2.600E+3	3.122E-1	3.125E-4	1.001E-3	2.425E+1
2.650E+3	3.115E-1	3.149E-4	1.011E-3	2.286E+1
2.700E+3	3.108E-1	3.173E-4	1.021E-3	2.143E+1
2.750E+3	3.101E-1	3.195E-4	1.030E-3	1.993E+1
2.800E+3	3.094E-1	3.217E-4	1.040E-3	1.835E+1
2.850E+3	3.087E-1	3.238E-4	1.049E-3	1.665E+1
2.900E+3	3.081E-1	3.256E-4	1.057E-3	1.475E+1
2.950E+3	3.074E-1	3.273E-4	1.065E-3	1.258E+1
3.000E+3	3.069E-1	3.285E-4	1.070E-3	9.911E+0
3.050E+3	3.065E-1	3.284E-4	1.071E-3	6.291E+0
3.100E+3	3.071E-1	3.226E-4	1.050E-3	2.567E-1
3.150E+3	3.190E-1	2.498E-4	7.831E-4	-1.463E+1
3.160E+3	3.250E-1	2.079E-4	6.398E-4	-1.466E+1
3.170E+3	3.290E-1	1.771E-4	5.382E-4	-1.022E+1
3.180E+3	3.314E-1	1.584E-4	4.779E-4	-2.953E+0
3.190E+3	3.327E-1	1.505E-4	4.523E-4	5.432E+0
3.200E+3	3.332E-1	1.504E-4	4.513E-4	1.330E+1
3.210E+3	3.331E-1	1.555E-4	4.668E-4	1.981E+1
3.220E+3	3.327E-1	1.638E-4	4.923E-4	2.477E+1
3.230E+3	3.320E-1	1.737E-4	5.233E-4	2.835E+1
3.240E+3	3.312E-1	1.842E-4	5.560E-4	3.081E+1
3.250E+3	3.302E-1	1.948E-4	5.898E-4	3.242E+1
3.260E+3	3.291E-1	2.049E-4	6.225E-4	3.339E+1
3.270E+3	3.280E-1	2.148E-4	6.548E-4	3.392E+1
3.280E+3	3.269E-1	2.237E-4	6.844E-4	3.408E+1
3.290E+3	3.258E-1	2.323E-4	7.129E-4	3.399E+1
3.300E+3	3.247E-1	2.403E-4	7.400E-4	3.373E+1
3.310E+3	3.237E-1	2.475E-4	7.646E-4	3.331E+1
3.320E+3	3.226E-1	2.543E-4	7.881E-4	3.281E+1
3.330E+3	3.216E-1	2.603E-4	8.093E-4	3.220E+1
3.340E+3	3.207E-1	2.658E-4	8.289E-4	3.157E+1
3.350E+3	3.198E-1	2.710E-4	8.475E-4	3.091E+1
3.360E+3	3.190E-1	2.757E-4	8.644E-4	3.022E+1
3.370E+3	3.182E-1	2.800E-4	8.801E-4	2.952E+1
3.380E+3	3.174E-1	2.839E-4	8.945E-4	2.882E+1
3.390E+3	3.167E-1	2.874E-4	9.076E-4	2.812E+1
3.400E+3	3.161E-1	2.906E-4	9.195E-4	2.743E+1
3.410E+3	3.155E-1	2.934E-4	9.302E-4	2.674E+1
3.420E+3	3.149E-1	2.962E-4	9.406E-4	2.609E+1
3.430E+3	3.144E-1	2.988E-4	9.505E-4	2.545E+1
3.440E+3	3.139E-1	3.010E-4	9.589E-4	2.482E+1
3.450E+3	3.134E-1	3.031E-4	9.670E-4	2.421E+1
3.460E+3	3.130E-1	3.051E-4	9.748E-4	2.361E+1
3.470E+3	3.126E-1	3.068E-4	9.813E-4	2.303E+1
3.480E+3	3.122E-1	3.082E-4	9.871E-4	2.246E+1
3.490E+3	3.119E-1	3.098E-4	9.933E-4	2.191E+1
3.500E+3	3.115E-1	3.111E-4	9.988E-4	2.139E+1
3.510E+3	3.112E-1	3.124E-4	1.004E-3	2.088E+1
3.520E+3	3.109E-1	3.135E-4	1.008E-3	2.038E+1
3.530E+3	3.106E-1	3.148E-4	1.013E-3	1.991E+1
3.540E+3	3.104E-1	3.156E-4	1.017E-3	1.944E+1
3.550E+3	3.102E-1	3.166E-4	1.021E-3	1.899E+1
3.560E+3	3.099E-1	3.176E-4	1.025E-3	1.856E+1
3.570E+3	3.097E-1	3.184E-4	1.028E-3	1.813E+1
3.580E+3	3.095E-1	3.190E-4	1.031E-3	1.770E+1
3.590E+3	3.093E-1	3.198E-4	1.034E-3	1.730E+1
3.600E+3	3.091E-1	3.204E-4	1.036E-3	1.691E+1
3.610E+3	3.089E-1	3.211E-4	1.039E-3	1.654E+1
3.620E+3	3.088E-1	3.217E-4	1.042E-3	1.615E+1
3.670E+3	3.081E-1	3.244E-4	1.053E-3	1.440E+1
3.720E+3	3.075E-1	3.262E-4	1.061E-3	1.283E+1
3.770E+3	3.070E-1	3.280E-4	1.068E-3	1.141E+1
3.820E+3	3.067E-1	3.292E-4	1.073E-3	1.009E+1
3.870E+3	3.064E-1	3.301E-4	1.077E-3	8.836E+0
3.920E+3	3.062E-1	3.307E-4	1.080E-3	7.666E+0
3.970E+3	3.060E-1	3.312E-4	1.082E-3	6.542E+0
4.020E+3	3.059E-1	3.316E-4	1.084E-3	5.493E+0
4.070E+3	3.058E-1	3.320E-4	1.086E-3	4.466E+0
4.120E+3	3.057E-1	3.321E-4	1.086E-3	3.495E+0
4.170E+3	3.056E-1	3.323E-4	1.087E-3	2.527E+0
4.220E+3	3.056E-1	3.323E-4	1.087E-3	1.620E+0
4.270E+3	3.056E-1	3.323E-4	1.087E-3	7.189E-1
4.320E+3	3.056E-1	3.322E-4	1.087E-3	-1.543E-1
4.370E+3	3.056E-1	3.321E-4	1.087E-3	-1.000E+0
4.420E+3	3.057E-1	3.320E-4	1.086E-3	-1.826E+0
4.470E+3	3.057E-1	3.318E-4	1.085E-3	-2.632E+0
4.520E+3	3.057E-1	3.316E-4	1.085E-3	-3.432E+0
4.570E+3	3.058E-1	3.311E-4	1.083E-3	-4.202E+0
4.620E+3	3.060E-1	3.307E-4	1.081E-3	-4.964E+0
4.670E+3	3.061E-1	3.303E-4	1.079E-3	-5.709E+0
4.720E+3	3.062E-1	3.302E-4	1.079E-3	-6.440E+0
4.770E+3	3.063E-1	3.299E-4	1.077E-3	-7.164E+0
4.820E+3	3.064E-1	3.295E-4	1.075E-3	-7.871E+0
4.870E+3	3.065E-1	3.290E-4	1.073E-3	-8.567E+0
4.920E+3	3.067E-1	3.284E-4	1.071E-3	-9.242E+0
4.970E+3	3.069E-1	3.278E-4	1.068E-3	-9.913E+0
5.020E+3	3.070E-1	3.274E-4	1.066E-3	-1.057E+1
5.070E+3	3.072E-1	3.268E-4	1.064E-3	-1.122E+1
5.120E+3	3.074E-1	3.260E-4	1.061E-3	-1.185E+1
5.170E+3	3.076E-1	3.254E-4	1.058E-3	-1.248E+1
5.220E+3	3.078E-1	3.247E-4	1.055E-3	-1.310E+1
5.270E+3	3.080E-1	3.240E-4	1.052E-3	-1.371E+1
5.320E+3	3.082E-1	3.235E-4	1.050E-3	-1.432E+1
5.370E+3	3.085E-1	3.226E-4	1.046E-3	-1.489E+1
5.420E+3	3.087E-1	3.218E-4	1.043E-3	-1.548E+1
5.470E+3	3.089E-1	3.210E-4	1.039E-3	-1.603E+1
5.520E+3	3.091E-1	3.203E-4	1.036E-3	-1.660E+1
5.570E+3	3.093E-1	3.197E-4	1.033E-3	-1.717E+1
5.620E+3	3.096E-1	3.190E-4	1.030E-3	-1.773E+1
5.670E+3	3.098E-1	3.181E-4	1.027E-3	-1.826E+1
5.720E+3	3.101E-1	3.173E-4	1.023E-3	-1.880E+1
5.770E+3	3.103E-1	3.165E-4	1.020E-3	-1.932E+1
5.820E+3	3.105E-1	3.158E-4	1.017E-3	-1.985E+1
5.870E+3	3.108E-1	3.149E-4	1.013E-3	-2.035E+1
