1.000E+3	3.547E-1	1.055E-4	2.976E-4	8.739E+1
1.020E+3	3.546E-1	1.078E-4	3.040E-4	8.735E+1
1.040E+3	3.545E-1	1.102E-4	3.107E-4	8.732E+1
1.060E+3	3.545E-1	1.123E-4	3.169E-4	8.726E+1
1.080E+3	3.544E-1	1.147E-4	3.236E-4	8.718E+1
1.100E+3	3.544E-1	1.170E-4	3.301E-4	8.716E+1
1.120E+3	3.543E-1	1.192E-4	3.366E-4	8.706E+1
1.140E+3	3.543E-1	1.215E-4	3.430E-4	8.703E+1
1.160E+3	3.542E-1	1.238E-4	3.496E-4	8.694E+1
1.180E+3	3.541E-1	1.262E-4	3.564E-4	8.688E+1
1.200E+3	3.541E-1	1.286E-4	3.631E-4	8.681E+1
1.220E+3	3.540E-1	1.309E-4	3.699E-4	8.675E+1
1.240E+3	3.539E-1	1.333E-4	3.766E-4	8.672E+1
1.260E+3	3.539E-1	1.357E-4	3.836E-4	8.667E+1
1.280E+3	3.538E-1	1.381E-4	3.903E-4	8.661E+1
1.300E+3	3.537E-1	1.405E-4	3.972E-4	8.654E+1
1.320E+3	3.537E-1	1.429E-4	4.041E-4	8.648E+1
1.340E+3	3.536E-1	1.453E-4	4.110E-4	8.642E+1
1.360E+3	3.535E-1	1.479E-4	4.184E-4	8.636E+1
1.380E+3	3.534E-1	1.503E-4	4.251E-4	8.627E+1
1.400E+3	3.533E-1	1.527E-4	4.322E-4	8.622E+1
1.420E+3	3.532E-1	1.552E-4	4.394E-4	8.614E+1
1.440E+3	3.531E-1	1.577E-4	4.467E-4	8.607E+1
1.460E+3	3.531E-1	1.603E-4	4.541E-4	8.601E+1
1.480E+3	3.530E-1	1.628E-4	4.612E-4	8.596E+1
1.500E+3	3.529E-1	1.653E-4	4.685E-4	8.590E+1
1.520E+3	3.528E-1	1.679E-4	4.760E-4	8.582E+1
1.540E+3	3.527E-1	1.706E-4	4.836E-4	8.573E+1
1.560E+3	3.526E-1	1.732E-4	4.912E-4	8.571E+1
1.580E+3	3.525E-1	1.758E-4	4.987E-4	8.560E+1
1.600E+3	3.524E-1	1.784E-4	5.062E-4	8.555E+1
1.620E+3	3.523E-1	1.811E-4	5.139E-4	8.549E+1
1.640E+3	3.522E-1	1.837E-4	5.216E-4	8.540E+1
1.660E+3	3.521E-1	1.864E-4	5.295E-4	8.534E+1
1.680E+3	3.520E-1	1.892E-4	5.375E-4	8.529E+1
1.700E+3	3.519E-1	1.920E-4	5.456E-4	8.519E+1
1.720E+3	3.518E-1	1.947E-4	5.534E-4	8.512E+1
1.740E+3	3.517E-1	1.975E-4	5.615E-4	8.507E+1
1.760E+3	3.516E-1	2.002E-4	5.695E-4	8.501E+1
1.780E+3	3.515E-1	2.031E-4	5.778E-4	8.491E+1
1.800E+3	3.513E-1	2.060E-4	5.863E-4	8.484E+1
1.820E+3	3.512E-1	2.089E-4	5.947E-4	8.478E+1
1.840E+3	3.511E-1	2.117E-4	6.030E-4	8.469E+1
1.860E+3	3.509E-1	2.147E-4	6.117E-4	8.463E+1
1.880E+3	3.508E-1	2.176E-4	6.202E-4	8.454E+1
1.900E+3	3.507E-1	2.206E-4	6.289E-4	8.445E+1
1.920E+3	3.506E-1	2.236E-4	6.378E-4	8.437E+1
1.940E+3	3.504E-1	2.266E-4	6.466E-4	8.429E+1
1.960E+3	3.503E-1	2.297E-4	6.557E-4	8.423E+1
1.980E+3	3.501E-1	2.328E-4	6.648E-4	8.412E+1
2.000E+3	3.500E-1	2.358E-4	6.738E-4	8.405E+1
2.020E+3	3.498E-1	2.390E-4	6.832E-4	8.396E+1
2.040E+3	3.497E-1	2.421E-4	6.924E-4	8.389E+1
2.060E+3	3.495E-1	2.453E-4	7.020E-4	8.381E+1
2.080E+3	3.493E-1	2.486E-4	7.118E-4	8.371E+1
2.100E+3	3.492E-1	2.519E-4	7.215E-4	8.363E+1
2.120E+3	3.490E-1	2.552E-4	7.313E-4	8.354E+1
2.140E+3	3.488E-1	2.586E-4	7.412E-4	8.343E+1
2.160E+3	3.487E-1	2.619E-4	7.513E-4	8.338E+1
2.180E+3	3.485E-1	2.654E-4	7.617E-4	8.328E+1
2.200E+3	3.483E-1	2.689E-4	7.720E-4	8.317E+1
2.220E+3	3.481E-1	2.724E-4	7.825E-4	8.308E+1
2.240E+3	3.479E-1	2.759E-4	7.932E-4	8.297E+1
2.260E+3	3.477E-1	2.795E-4	8.040E-4	8.287E+1
2.280E+3	3.475E-1	2.833E-4	8.152E-4	8.279E+1
2.300E+3	3.473E-1	2.870E-4	8.263E-4	8.268E+1
2.320E+3	3.471E-1	2.907E-4	8.376E-4	8.259E+1
2.340E+3	3.468E-1	2.946E-4	8.493E-4	8.248E+1
2.360E+3	3.466E-1	2.983E-4	8.607E-4	8.239E+1
2.380E+3	3.464E-1	3.022E-4	8.726E-4	8.226E+1
2.400E+3	3.461E-1	3.062E-4	8.847E-4	8.215E+1
2.420E+3	3.458E-1	3.103E-4	8.971E-4	8.205E+1
2.440E+3	3.456E-1	3.143E-4	9.096E-4	8.193E+1
2.460E+3	3.453E-1	3.184E-4	9.222E-4	8.181E+1
2.480E+3	3.451E-1	3.226E-4	9.350E-4	8.169E+1
2.500E+3	3.448E-1	3.270E-4	9.483E-4	8.158E+1
2.520E+3	3.445E-1	3.312E-4	9.615E-4	8.145E+1
2.540E+3	3.442E-1	3.357E-4	9.753E-4	8.132E+1
2.560E+3	3.439E-1	3.403E-4	9.897E-4	8.119E+1
2.580E+3	3.435E-1	3.449E-4	1.004E-3	8.106E+1
2.600E+3	3.432E-1	3.496E-4	1.019E-3	8.091E+1
2.620E+3	3.429E-1	3.544E-4	1.034E-3	8.077E+1
2.640E+3	3.425E-1	3.594E-4	1.049E-3	8.063E+1
2.660E+3	3.422E-1	3.645E-4	1.065E-3	8.049E+1
2.680E+3	3.418E-1	3.696E-4	1.081E-3	8.031E+1
2.700E+3	3.413E-1	3.750E-4	1.099E-3	8.016E+1
2.720E+3	3.409E-1	3.804E-4	1.116E-3	7.997E+1
2.740E+3	3.405E-1	3.861E-4	1.134E-3	7.981E+1
2.760E+3	3.400E-1	3.919E-4	1.153E-3	7.963E+1
2.780E+3	3.395E-1	3.980E-4	1.172E-3	7.943E+1
2.800E+3	3.389E-1	4.042E-4	1.193E-3	7.923E+1
2.820E+3	3.384E-1	4.108E-4	1.214E-3	7.901E+1
2.840E+3	3.377E-1	4.177E-4	1.237E-3	7.878E+1
2.860E+3	3.371E-1	4.249E-4	1.260E-3	7.853E+1
2.880E+3	3.364E-1	4.325E-4	1.285E-3	7.827E+1
2.900E+3	3.356E-1	4.406E-4	1.313E-3	7.795E+1
2.920E+3	3.347E-1	4.492E-4	1.342E-3	7.762E+1
2.940E+3	3.338E-1	4.586E-4	1.374E-3	7.724E+1
2.960E+3	3.326E-1	4.689E-4	1.410E-3	7.680E+1
2.980E+3	3.313E-1	4.804E-4	1.450E-3	7.627E+1
3.000E+3	3.297E-1	4.934E-4	1.497E-3	7.561E+1
3.020E+3	3.276E-1	5.089E-4	1.554E-3	7.473E+1
3.040E+3	3.246E-1	5.284E-4	1.628E-3	7.341E+1
3.060E+3	3.194E-1	5.560E-4	1.741E-3	7.086E+1
3.080E+3	2.884E-1	5.647E-4	1.958E-3	4.196E+1
3.100E+3	2.943E-1	4.423E-4	1.503E-3	2.441E+1
3.120E+3	3.044E-1	3.597E-4	1.182E-3	1.969E+1
3.140E+3	3.133E-1	2.977E-4	9.503E-4	2.035E+1
3.160E+3	3.206E-1	2.532E-4	7.897E-4	2.492E+1
3.180E+3	3.264E-1	2.252E-4	6.899E-4	3.249E+1
3.200E+3	3.309E-1	2.122E-4	6.412E-4	4.165E+1
3.220E+3	3.342E-1	2.119E-4	6.340E-4	5.063E+1
3.240E+3	3.367E-1	2.207E-4	6.555E-4	5.820E+1
3.260E+3	3.384E-1	2.348E-4	6.937E-4	6.405E+1
3.280E+3	3.395E-1	2.517E-4	7.415E-4	6.828E+1
3.300E+3	3.401E-1	2.698E-4	7.932E-4	7.129E+1
3.320E+3	3.404E-1	2.881E-4	8.462E-4	7.340E+1
3.340E+3	3.404E-1	3.056E-4	8.976E-4	7.485E+1
3.360E+3	3.402E-1	3.225E-4	9.478E-4	7.584E+1
3.380E+3	3.399E-1	3.386E-4	9.962E-4	7.650E+1
3.400E+3	3.394E-1	3.537E-4	1.042E-3	7.692E+1
3.420E+3	3.388E-1	3.681E-4	1.086E-3	7.717E+1
3.440E+3	3.382E-1	3.816E-4	1.128E-3	7.729E+1
3.460E+3	3.375E-1	3.946E-4	1.169E-3	7.734E+1
3.480E+3	3.368E-1	4.067E-4	1.208E-3	7.730E+1
3.500E+3	3.361E-1	4.184E-4	1.245E-3	7.722E+1
3.520E+3	3.353E-1	4.296E-4	1.281E-3	7.711E+1
3.540E+3	3.345E-1	4.403E-4	1.316E-3	7.696E+1
3.560E+3	3.337E-1	4.507E-4	1.351E-3	7.679E+1
3.580E+3	3.328E-1	4.608E-4	1.384E-3	7.659E+1
3.600E+3	3.320E-1	4.705E-4	1.417E-3	7.640E+1
3.620E+3	3.312E-1	4.802E-4	1.450E-3	7.618E+1
3.640E+3	3.303E-1	4.895E-4	1.482E-3	7.596E+1
3.660E+3	3.294E-1	4.986E-4	1.514E-3	7.572E+1
3.680E+3	3.285E-1	5.077E-4	1.545E-3	7.550E+1
3.700E+3	3.276E-1	5.166E-4	1.577E-3	7.526E+1
3.720E+3	3.267E-1	5.253E-4	1.608E-3	7.500E+1
3.740E+3	3.258E-1	5.340E-4	1.639E-3	7.475E+1
3.760E+3	3.248E-1	5.426E-4	1.670E-3	7.449E+1
3.780E+3	3.239E-1	5.513E-4	1.702E-3	7.422E+1
3.800E+3	3.229E-1	5.597E-4	1.734E-3	7.395E+1
3.820E+3	3.219E-1	5.684E-4	1.765E-3	7.367E+1
3.840E+3	3.209E-1	5.768E-4	1.797E-3	7.339E+1
3.860E+3	3.199E-1	5.852E-4	1.829E-3	7.310E+1
3.880E+3	3.188E-1	5.937E-4	1.862E-3	7.282E+1
3.900E+3	3.178E-1	6.021E-4	1.895E-3	7.253E+1
3.920E+3	3.167E-1	6.105E-4	1.928E-3	7.222E+1
3.940E+3	3.155E-1	6.189E-4	1.962E-3	7.191E+1
3.960E+3	3.144E-1	6.274E-4	1.996E-3	7.160E+1
3.980E+3	3.132E-1	6.359E-4	2.030E-3	7.127E+1
4.000E+3	3.121E-1	6.445E-4	2.065E-3	7.095E+1
4.020E+3	3.109E-1	6.530E-4	2.101E-3	7.062E+1
4.040E+3	3.096E-1	6.616E-4	2.137E-3	7.029E+1
4.060E+3	3.083E-1	6.702E-4	2.173E-3	6.993E+1
4.080E+3	3.071E-1	6.788E-4	2.211E-3	6.958E+1
4.100E+3	3.057E-1	6.875E-4	2.249E-3	6.921E+1
4.120E+3	3.044E-1	6.962E-4	2.287E-3	6.885E+1
4.140E+3	3.030E-1	7.049E-4	2.327E-3	6.847E+1
4.160E+3	3.016E-1	7.137E-4	2.367E-3	6.808E+1
4.180E+3	3.001E-1	7.224E-4	2.407E-3	6.768E+1
4.200E+3	2.987E-1	7.315E-4	2.449E-3	6.728E+1
4.220E+3	2.972E-1	7.403E-4	2.491E-3	6.686E+1
4.240E+3	2.956E-1	7.492E-4	2.534E-3	6.643E+1
4.260E+3	2.940E-1	7.583E-4	2.579E-3	6.600E+1
4.280E+3	2.924E-1	7.672E-4	2.624E-3	6.555E+1
4.300E+3	2.908E-1	7.763E-4	2.670E-3	6.510E+1
4.320E+3	2.891E-1	7.853E-4	2.717E-3	6.463E+1
4.340E+3	2.874E-1	7.944E-4	2.764E-3	6.415E+1
4.360E+3	2.856E-1	8.035E-4	2.813E-3	6.365E+1
4.380E+3	2.838E-1	8.126E-4	2.863E-3	6.314E+1
4.400E+3	2.820E-1	8.219E-4	2.914E-3	6.262E+1
4.420E+3	2.801E-1	8.311E-4	2.967E-3	6.208E+1
4.440E+3	2.782E-1	8.403E-4	3.020E-3	6.153E+1
4.460E+3	2.763E-1	8.495E-4	3.074E-3	6.096E+1
4.480E+3	2.743E-1	8.587E-4	3.130E-3	6.038E+1
4.500E+3	2.723E-1	8.679E-4	3.187E-3	5.978E+1
4.520E+3	2.703E-1	8.771E-4	3.245E-3	5.916E+1
4.540E+3	2.682E-1	8.862E-4	3.305E-3	5.853E+1
4.560E+3	2.660E-1	8.955E-4	3.366E-3	5.788E+1
4.580E+3	2.640E-1	9.048E-4	3.428E-3	5.720E+1
4.600E+3	2.617E-1	9.139E-4	3.491E-3	5.650E+1
4.620E+3	2.595E-1	9.230E-4	3.556E-3	5.579E+1
4.640E+3	2.573E-1	9.318E-4	3.622E-3	5.505E+1
4.660E+3	2.550E-1	9.408E-4	3.690E-3	5.429E+1
4.680E+3	2.527E-1	9.497E-4	3.759E-3	5.351E+1
4.700E+3	2.503E-1	9.586E-4	3.829E-3	5.270E+1
4.720E+3	2.480E-1	9.673E-4	3.901E-3	5.186E+1
4.740E+3	2.456E-1	9.760E-4	3.974E-3	5.101E+1
4.760E+3	2.432E-1	9.846E-4	4.048E-3	5.012E+1
4.780E+3	2.408E-1	9.932E-4	4.124E-3	4.922E+1
4.800E+3	2.384E-1	1.002E-3	4.201E-3	4.828E+1
4.820E+3	2.360E-1	1.010E-3	4.279E-3	4.730E+1
4.840E+3	2.336E-1	1.018E-3	4.358E-3	4.631E+1
4.860E+3	2.311E-1	1.026E-3	4.438E-3	4.528E+1
4.880E+3	2.287E-1	1.034E-3	4.520E-3	4.421E+1
4.900E+3	2.263E-1	1.041E-3	4.602E-3	4.312E+1
4.920E+3	2.238E-1	1.049E-3	4.685E-3	4.199E+1
4.940E+3	2.214E-1	1.056E-3	4.768E-3	4.082E+1
4.960E+3	2.191E-1	1.063E-3	4.853E-3	3.962E+1
4.980E+3	2.168E-1	1.070E-3	4.937E-3	3.839E+1
5.000E+3	2.144E-1	1.077E-3	5.021E-3	3.712E+1
5.020E+3	2.122E-1	1.083E-3	5.105E-3	3.581E+1
5.040E+3	2.099E-1	1.089E-3	5.188E-3	3.447E+1
5.060E+3	2.078E-1	1.095E-3	5.271E-3	3.309E+1
5.080E+3	2.056E-1	1.101E-3	5.353E-3	3.168E+1
5.100E+3	2.036E-1	1.106E-3	5.434E-3	3.023E+1
5.120E+3	2.016E-1	1.111E-3	5.513E-3	2.874E+1
5.140E+3	1.997E-1	1.116E-3	5.590E-3	2.722E+1
5.160E+3	1.979E-1	1.121E-3	5.664E-3	2.567E+1
5.180E+3	1.962E-1	1.125E-3	5.737E-3	2.408E+1
5.200E+3	1.945E-1	1.129E-3	5.806E-3	2.246E+1
5.220E+3	1.930E-1	1.133E-3	5.871E-3	2.081E+1
5.240E+3	1.916E-1	1.136E-3	5.932E-3	1.913E+1
5.260E+3	1.903E-1	1.140E-3	5.990E-3	1.744E+1
5.280E+3	1.891E-1	1.142E-3	6.042E-3	1.572E+1
5.300E+3	1.880E-1	1.145E-3	6.090E-3	1.397E+1
5.320E+3	1.870E-1	1.147E-3	6.132E-3	1.220E+1
5.340E+3	1.862E-1	1.149E-3	6.169E-3	1.043E+1
5.360E+3	1.855E-1	1.151E-3	6.201E-3	8.637E+0
5.380E+3	1.850E-1	1.152E-3	6.226E-3	6.845E+0
5.400E+3	1.846E-1	1.153E-3	6.245E-3	5.043E+0
5.420E+3	1.843E-1	1.153E-3	6.258E-3	3.245E+0
5.440E+3	1.841E-1	1.153E-3	6.264E-3	1.448E+0
5.460E+3	1.841E-1	1.153E-3	6.265E-3	-3.477E-1
5.480E+3	1.842E-1	1.153E-3	6.260E-3	-2.128E+0
5.500E+3	1.844E-1	1.153E-3	6.249E-3	-3.904E+0
5.520E+3	1.848E-1	1.152E-3	6.232E-3	-5.653E+0
5.540E+3	1.853E-1	1.151E-3	6.210E-3	-7.389E+0
5.560E+3	1.859E-1	1.149E-3	6.181E-3	-9.104E+0
5.580E+3	1.866E-1	1.147E-3	6.149E-3	-1.079E+1
5.600E+3	1.874E-1	1.145E-3	6.111E-3	-1.246E+1
5.620E+3	1.883E-1	1.143E-3	6.069E-3	-1.409E+1
5.640E+3	1.894E-1	1.141E-3	6.023E-3	-1.570E+1
5.660E+3	1.905E-1	1.138E-3	5.973E-3	-1.727E+1
5.680E+3	1.917E-1	1.135E-3	5.920E-3	-1.882E+1
5.700E+3	1.930E-1	1.132E-3	5.864E-3	-2.032E+1
5.720E+3	1.944E-1	1.128E-3	5.806E-3	-2.179E+1
5.740E+3	1.958E-1	1.125E-3	5.745E-3	-2.323E+1
5.760E+3	1.973E-1	1.121E-3	5.682E-3	-2.463E+1
5.780E+3	1.988E-1	1.117E-3	5.618E-3	-2.600E+1
5.800E+3	2.004E-1	1.113E-3	5.552E-3	-2.732E+1
5.820E+3	2.021E-1	1.108E-3	5.485E-3	-2.862E+1
5.840E+3	2.038E-1	1.104E-3	5.418E-3	-2.987E+1
5.860E+3	2.055E-1	1.099E-3	5.349E-3	-3.109E+1
5.880E+3	2.072E-1	1.094E-3	5.281E-3	-3.227E+1
5.900E+3	2.090E-1	1.089E-3	5.213E-3	-3.343E+1
5.920E+3	2.108E-1	1.085E-3	5.144E-3	-3.454E+1
5.940E+3	2.127E-1	1.079E-3	5.075E-3	-3.562E+1
5.960E+3	2.145E-1	1.074E-3	5.007E-3	-3.668E+1
5.980E+3	2.163E-1	1.069E-3	4.939E-3	-3.769E+1
6.000E+3	2.182E-1	1.063E-3	4.872E-3	-3.868E+1
6.020E+3	2.201E-1	1.057E-3	4.806E-3	-3.964E+1
6.040E+3	2.219E-1	1.052E-3	4.740E-3	-4.057E+1
6.060E+3	2.238E-1	1.046E-3	4.675E-3	-4.147E+1
6.080E+3	2.256E-1	1.040E-3	4.611E-3	-4.234E+1
6.100E+3	2.275E-1	1.035E-3	4.548E-3	-4.320E+1
6.120E+3	2.293E-1	1.029E-3	4.486E-3	-4.401E+1
6.140E+3	2.312E-1	1.023E-3	4.425E-3	-4.481E+1
6.160E+3	2.330E-1	1.017E-3	4.365E-3	-4.558E+1
6.180E+3	2.348E-1	1.011E-3	4.306E-3	-4.633E+1
6.200E+3	2.365E-1	1.005E-3	4.248E-3	-4.706E+1
6.220E+3	2.383E-1	9.987E-4	4.191E-3	-4.776E+1
6.240E+3	2.400E-1	9.926E-4	4.135E-3	-4.844E+1
6.260E+3	2.418E-1	9.865E-4	4.080E-3	-4.911E+1
6.280E+3	2.435E-1	9.804E-4	4.026E-3	-4.975E+1
6.300E+3	2.452E-1	9.744E-4	3.974E-3	-5.038E+1
6.320E+3	2.469E-1	9.683E-4	3.922E-3	-5.099E+1
6.340E+3	2.485E-1	9.621E-4	3.871E-3	-5.158E+1
6.360E+3	2.501E-1	9.561E-4	3.822E-3	-5.215E+1
6.380E+3	2.517E-1	9.500E-4	3.774E-3	-5.271E+1
6.400E+3	2.533E-1	9.438E-4	3.726E-3	-5.325E+1
6.420E+3	2.549E-1	9.378E-4	3.680E-3	-5.378E+1
6.440E+3	2.564E-1	9.318E-4	3.635E-3	-5.429E+1
6.460E+3	2.579E-1	9.258E-4	3.590E-3	-5.479E+1
6.480E+3	2.594E-1	9.198E-4	3.546E-3	-5.527E+1
6.500E+3	2.608E-1	9.140E-4	3.504E-3	-5.575E+1
6.520E+3	2.623E-1	9.080E-4	3.462E-3	-5.621E+1
6.540E+3	2.637E-1	9.021E-4	3.421E-3	-5.666E+1
6.560E+3	2.651E-1	8.963E-4	3.381E-3	-5.709E+1
6.580E+3	2.664E-1	8.901E-4	3.342E-3	-5.752E+1
6.600E+3	2.677E-1	8.844E-4	3.304E-3	-5.794E+1
6.620E+3	2.691E-1	8.786E-4	3.266E-3	-5.834E+1
6.640E+3	2.703E-1	8.730E-4	3.229E-3	-5.873E+1
6.660E+3	2.716E-1	8.673E-4	3.193E-3	-5.911E+1
6.680E+3	2.729E-1	8.617E-4	3.158E-3	-5.949E+1
6.700E+3	2.741E-1	8.560E-4	3.123E-3	-5.985E+1
6.720E+3	2.753E-1	8.504E-4	3.089E-3	-6.021E+1
6.740E+3	2.764E-1	8.448E-4	3.056E-3	-6.056E+1
6.760E+3	2.776E-1	8.393E-4	3.024E-3	-6.090E+1
6.780E+3	2.787E-1	8.339E-4	2.992E-3	-6.123E+1
6.800E+3	2.798E-1	8.284E-4	2.961E-3	-6.156E+1
6.820E+3	2.809E-1	8.231E-4	2.930E-3	-6.187E+1
6.840E+3	2.819E-1	8.178E-4	2.901E-3	-6.218E+1
6.860E+3	2.830E-1	8.126E-4	2.871E-3	-6.249E+1
6.880E+3	2.840E-1	8.073E-4	2.842E-3	-6.278E+1
6.900E+3	2.850E-1	8.022E-4	2.814E-3	-6.307E+1
6.920E+3	2.860E-1	7.970E-4	2.786E-3	-6.335E+1
6.940E+3	2.870E-1	7.919E-4	2.759E-3	-6.363E+1
6.960E+3	2.879E-1	7.869E-4	2.733E-3	-6.390E+1
6.980E+3	2.889E-1	7.820E-4	2.707E-3	-6.416E+1
7.000E+3	2.898E-1	7.770E-4	2.681E-3	-6.442E+1
7.020E+3	2.907E-1	7.722E-4	2.656E-3	-6.467E+1
7.040E+3	2.916E-1	7.673E-4	2.632E-3	-6.492E+1
7.060E+3	2.925E-1	7.627E-4	2.607E-3	-6.517E+1
7.080E+3	2.934E-1	7.579E-4	2.584E-3	-6.541E+1
7.100E+3	2.942E-1	7.532E-4	2.560E-3	-6.564E+1
7.120E+3	2.950E-1	7.486E-4	2.537E-3	-6.586E+1
7.140E+3	2.958E-1	7.441E-4	2.515E-3	-6.609E+1
7.160E+3	2.966E-1	7.395E-4	2.493E-3	-6.632E+1
7.180E+3	2.974E-1	7.350E-4	2.471E-3	-6.653E+1
7.200E+3	2.981E-1	7.304E-4	2.450E-3	-6.674E+1
7.220E+3	2.989E-1	7.260E-4	2.429E-3	-6.695E+1
7.240E+3	2.997E-1	7.218E-4	2.409E-3	-6.715E+1
7.260E+3	3.004E-1	7.175E-4	2.388E-3	-6.735E+1
7.280E+3	3.011E-1	7.132E-4	2.368E-3	-6.754E+1
7.300E+3	3.018E-1	7.090E-4	2.349E-3	-6.774E+1
7.320E+3	3.025E-1	7.048E-4	2.330E-3	-6.793E+1
7.340E+3	3.031E-1	7.007E-4	2.311E-3	-6.811E+1
7.360E+3	3.038E-1	6.965E-4	2.292E-3	-6.830E+1
7.380E+3	3.045E-1	6.924E-4	2.274E-3	-6.847E+1
7.400E+3	3.051E-1	6.885E-4	2.257E-3	-6.865E+1
7.420E+3	3.057E-1	6.844E-4	2.239E-3	-6.882E+1
7.440E+3	3.063E-1	6.806E-4	2.222E-3	-6.899E+1
7.460E+3	3.069E-1	6.766E-4	2.204E-3	-6.916E+1
7.480E+3	3.075E-1	6.728E-4	2.188E-3	-6.932E+1
7.500E+3	3.081E-1	6.690E-4	2.171E-3	-6.948E+1
7.520E+3	3.087E-1	6.652E-4	2.155E-3	-6.964E+1
7.540E+3	3.092E-1	6.614E-4	2.139E-3	-6.979E+1
7.560E+3	3.098E-1	6.577E-4	2.123E-3	-6.996E+1
7.580E+3	3.103E-1	6.541E-4	2.108E-3	-7.010E+1
7.600E+3	3.108E-1	6.504E-4	2.093E-3	-7.025E+1
7.620E+3	3.114E-1	6.469E-4	2.077E-3	-7.039E+1
7.640E+3	3.119E-1	6.433E-4	2.063E-3	-7.054E+1
7.660E+3	3.124E-1	6.398E-4	2.048E-3	-7.068E+1
7.680E+3	3.129E-1	6.364E-4	2.034E-3	-7.082E+1
7.700E+3	3.134E-1	6.328E-4	2.019E-3	-7.096E+1
7.720E+3	3.139E-1	6.295E-4	2.006E-3	-7.109E+1
7.740E+3	3.143E-1	6.261E-4	1.992E-3	-7.122E+1
7.760E+3	3.148E-1	6.227E-4	1.978E-3	-7.134E+1
7.780E+3	3.152E-1	6.194E-4	1.965E-3	-7.147E+1
7.800E+3	3.157E-1	6.161E-4	1.952E-3	-7.161E+1
7.820E+3	3.161E-1	6.129E-4	1.939E-3	-7.173E+1
7.840E+3	3.166E-1	6.098E-4	1.926E-3	-7.185E+1
7.860E+3	3.170E-1	6.066E-4	1.914E-3	-7.197E+1
7.880E+3	3.174E-1	6.034E-4	1.901E-3	-7.208E+1
7.900E+3	3.178E-1	6.003E-4	1.889E-3	-7.221E+1
7.920E+3	3.182E-1	5.972E-4	1.877E-3	-7.233E+1
7.940E+3	3.186E-1	5.941E-4	1.865E-3	-7.244E+1
7.960E+3	3.190E-1	5.911E-4	1.853E-3	-7.255E+1
7.980E+3	3.194E-1	5.880E-4	1.841E-3	-7.266E+1
8.000E+3	3.198E-1	5.853E-4	1.830E-3	-7.277E+1
8.020E+3	3.202E-1	5.823E-4	1.819E-3	-7.288E+1
8.040E+3	3.205E-1	5.794E-4	1.807E-3	-7.299E+1
8.060E+3	3.209E-1	5.765E-4	1.797E-3	-7.309E+1
8.080E+3	3.212E-1	5.737E-4	1.786E-3	-7.319E+1
8.100E+3	3.216E-1	5.708E-4	1.775E-3	-7.329E+1
8.120E+3	3.219E-1	5.680E-4	1.764E-3	-7.340E+1
8.140E+3	3.223E-1	5.653E-4	1.754E-3	-7.350E+1
8.160E+3	3.226E-1	5.625E-4	1.744E-3	-7.359E+1
8.180E+3	3.229E-1	5.598E-4	1.734E-3	-7.368E+1
8.200E+3	3.233E-1	5.571E-4	1.723E-3	-7.378E+1
8.220E+3	3.236E-1	5.545E-4	1.713E-3	-7.387E+1
8.240E+3	3.239E-1	5.519E-4	1.704E-3	-7.397E+1
8.260E+3	3.242E-1	5.493E-4	1.694E-3	-7.406E+1
8.280E+3	3.245E-1	5.467E-4	1.685E-3	-7.415E+1
8.300E+3	3.248E-1	5.442E-4	1.675E-3	-7.424E+1
8.320E+3	3.251E-1	5.416E-4	1.666E-3	-7.433E+1
8.340E+3	3.254E-1	5.391E-4	1.657E-3	-7.442E+1
8.360E+3	3.257E-1	5.366E-4	1.648E-3	-7.450E+1
8.380E+3	3.260E-1	5.342E-4	1.639E-3	-7.458E+1
8.400E+3	3.263E-1	5.318E-4	1.630E-3	-7.468E+1
8.420E+3	3.265E-1	5.294E-4	1.621E-3	-7.475E+1
8.440E+3	3.268E-1	5.270E-4	1.612E-3	-7.483E+1
8.460E+3	3.271E-1	5.246E-4	1.604E-3	-7.491E+1
8.480E+3	3.273E-1	5.222E-4	1.595E-3	-7.499E+1
8.500E+3	3.276E-1	5.199E-4	1.587E-3	-7.507E+1
8.520E+3	3.278E-1	5.176E-4	1.579E-3	-7.515E+1
8.540E+3	3.281E-1	5.152E-4	1.571E-3	-7.523E+1
8.560E+3	3.283E-1	5.130E-4	1.562E-3	-7.530E+1
8.580E+3	3.286E-1	5.109E-4	1.555E-3	-7.539E+1
8.600E+3	3.288E-1	5.086E-4	1.547E-3	-7.545E+1
8.620E+3	3.290E-1	5.063E-4	1.539E-3	-7.553E+1
8.640E+3	3.293E-1	5.041E-4	1.531E-3	-7.561E+1
8.660E+3	3.295E-1	5.020E-4	1.523E-3	-7.567E+1
8.680E+3	3.297E-1	4.998E-4	1.516E-3	-7.574E+1
8.700E+3	3.300E-1	4.977E-4	1.508E-3	-7.582E+1
8.720E+3	3.302E-1	4.956E-4	1.501E-3	-7.589E+1
8.740E+3	3.304E-1	4.935E-4	1.494E-3	-7.595E+1
8.760E+3	3.306E-1	4.915E-4	1.486E-3	-7.602E+1
8.780E+3	3.308E-1	4.895E-4	1.479E-3	-7.609E+1
8.800E+3	3.311E-1	4.874E-4	1.472E-3	-7.616E+1
8.820E+3	3.313E-1	4.853E-4	1.465E-3	-7.621E+1
8.840E+3	3.314E-1	4.834E-4	1.458E-3	-7.628E+1
8.860E+3	3.316E-1	4.814E-4	1.451E-3	-7.634E+1
8.880E+3	3.318E-1	4.794E-4	1.445E-3	-7.641E+1
8.900E+3	3.320E-1	4.774E-4	1.438E-3	-7.647E+1
8.920E+3	3.322E-1	4.754E-4	1.431E-3	-7.654E+1
8.940E+3	3.324E-1	4.736E-4	1.425E-3	-7.660E+1
8.960E+3	3.326E-1	4.718E-4	1.418E-3	-7.666E+1
8.980E+3	3.328E-1	4.698E-4	1.412E-3	-7.672E+1
9.000E+3	3.330E-1	4.679E-4	1.405E-3	-7.678E+1
9.020E+3	3.332E-1	4.660E-4	1.399E-3	-7.684E+1
9.040E+3	3.334E-1	4.643E-4	1.393E-3	-7.690E+1
9.060E+3	3.336E-1	4.625E-4	1.386E-3	-7.697E+1
9.080E+3	3.337E-1	4.607E-4	1.380E-3	-7.702E+1
9.100E+3	3.339E-1	4.589E-4	1.374E-3	-7.707E+1
9.120E+3	3.341E-1	4.571E-4	1.368E-3	-7.713E+1
9.140E+3	3.343E-1	4.554E-4	1.362E-3	-7.719E+1
9.160E+3	3.345E-1	4.536E-4	1.356E-3	-7.724E+1
9.180E+3	3.346E-1	4.518E-4	1.350E-3	-7.729E+1
9.200E+3	3.348E-1	4.503E-4	1.345E-3	-7.735E+1
9.220E+3	3.349E-1	4.484E-4	1.339E-3	-7.739E+1
9.240E+3	3.351E-1	4.468E-4	1.333E-3	-7.746E+1
9.260E+3	3.352E-1	4.451E-4	1.328E-3	-7.750E+1
9.280E+3	3.354E-1	4.433E-4	1.322E-3	-7.756E+1
9.300E+3	3.355E-1	4.417E-4	1.316E-3	-7.760E+1
9.320E+3	3.357E-1	4.401E-4	1.311E-3	-7.766E+1
9.340E+3	3.359E-1	4.385E-4	1.306E-3	-7.771E+1
9.360E+3	3.360E-1	4.369E-4	1.300E-3	-7.777E+1
9.380E+3	3.362E-1	4.353E-4	1.295E-3	-7.782E+1
9.400E+3	3.363E-1	4.337E-4	1.290E-3	-7.787E+1
9.420E+3	3.365E-1	4.322E-4	1.285E-3	-7.790E+1
9.440E+3	3.366E-1	4.306E-4	1.279E-3	-7.796E+1
9.460E+3	3.367E-1	4.290E-4	1.274E-3	-7.800E+1
9.480E+3	3.369E-1	4.275E-4	1.269E-3	-7.805E+1
9.500E+3	3.370E-1	4.259E-4	1.264E-3	-7.810E+1
9.520E+3	3.372E-1	4.245E-4	1.259E-3	-7.815E+1
9.540E+3	3.373E-1	4.230E-4	1.254E-3	-7.819E+1
9.560E+3	3.375E-1	4.215E-4	1.249E-3	-7.823E+1
9.580E+3	3.376E-1	4.200E-4	1.244E-3	-7.828E+1
9.600E+3	3.377E-1	4.185E-4	1.239E-3	-7.833E+1
9.620E+3	3.378E-1	4.171E-4	1.235E-3	-7.837E+1
9.640E+3	3.379E-1	4.156E-4	1.230E-3	-7.842E+1
9.660E+3	3.381E-1	4.141E-4	1.225E-3	-7.846E+1
9.680E+3	3.382E-1	4.127E-4	1.220E-3	-7.850E+1
9.700E+3	3.383E-1	4.113E-4	1.216E-3	-7.855E+1
9.720E+3	3.385E-1	4.099E-4	1.211E-3	-7.858E+1
9.740E+3	3.386E-1	4.085E-4	1.207E-3	-7.864E+1
9.760E+3	3.387E-1	4.072E-4	1.202E-3	-7.867E+1
9.780E+3	3.388E-1	4.057E-4	1.197E-3	-7.871E+1
9.800E+3	3.389E-1	4.043E-4	1.193E-3	-7.876E+1
9.820E+3	3.390E-1	4.030E-4	1.189E-3	-7.880E+1
9.840E+3	3.391E-1	4.016E-4	1.184E-3	-7.884E+1
9.860E+3	3.392E-1	4.003E-4	1.180E-3	-7.888E+1
9.880E+3	3.393E-1	3.990E-4	1.176E-3	-7.893E+1
9.900E+3	3.395E-1	3.977E-4	1.171E-3	-7.896E+1
9.920E+3	3.396E-1	3.965E-4	1.167E-3	-7.899E+1
9.940E+3	3.397E-1	3.951E-4	1.163E-3	-7.904E+1
9.960E+3	3.398E-1	3.938E-4	1.159E-3	-7.908E+1
9.980E+3	3.399E-1	3.925E-4	1.155E-3	-7.912E+1
1.000E+4	3.400E-1	3.913E-4	1.151E-3	-7.915E+1
1.002E+4	3.401E-1	3.900E-4	1.147E-3	-7.918E+1
